,ts_code,trade_date,open,high,low,close,pre_close,change,pct_chg,vol,amount,ma5,ma_v_5,ma20,ma_v_20,ma60,ma_v_60,key
0,002648.SZ,20180102,16.4109,17.3797,16.3219,17.0831,16.4109,0.6722000000000001,4.0961,172015.69,296082.989,,,,,,,0
1,002648.SZ,20180103,17.1523,17.9333,17.1326,17.4687,17.0831,0.3855999999999966,2.2572,202873.42,359624.155,,,,,,,1
2,002648.SZ,20180104,17.4983,18.7539,17.4786,18.2497,17.4687,0.7810000000000024,4.4709,243067.22,443924.04,,,,,,,2
3,002648.SZ,20180105,18.2101,18.3782,17.7949,18.0816,18.2497,-0.16809999999999903,-0.9211,146866.23,268428.48,,,,,,,3
4,002648.SZ,20180108,18.0816,19.2482,17.9432,18.7934,18.0816,0.7117999999999967,3.9366,171817.33,325966.598,17.9353,187327.978,,,,,4
5,002648.SZ,20180109,18.7737,19.268,18.2497,18.7539,18.7934,-0.03949999999999676,-0.2102,148569.27,280236.21,18.2695,182638.694,,,,,5
6,002648.SZ,20180110,18.8824,19.3372,18.2991,18.3387,18.7539,-0.41520000000000223,-2.2139,176926.48,335741.341,18.4435,177449.306,,,,,6
7,002648.SZ,20180111,18.3387,18.566,18.0025,18.398,18.3387,0.05930000000000035,0.3234,105832.58,195980.889,18.4731,150002.378,,,,,7
8,002648.SZ,20180112,18.4178,19.0702,17.9927,18.1607,18.398,-0.23730000000000118,-1.2898,122871.36,232072.427,18.4889,145203.404,,,,,8
9,002648.SZ,20180115,18.3486,18.9813,18.0025,18.7539,18.1607,0.5932000000000031,3.2664,158225.78,298039.257,18.481,142485.094,,,,,9
10,002648.SZ,20180116,18.7934,19.1889,18.4079,18.8923,18.7539,0.1383999999999972,0.738,161502.69,306293.924,18.5087,145071.778,,,,,10
11,002648.SZ,20180117,18.9022,18.9022,17.3995,17.5972,18.8923,-1.295099999999998,-6.8552,166693.0,298456.628,18.3604,143025.082,,,,,11
12,002648.SZ,20180118,17.528,19.3569,17.528,19.3569,17.5972,1.7596999999999987,9.9999,150485.31,282172.619,18.5522,151955.628,,,,,12
13,002648.SZ,20180119,19.8413,20.0885,18.6847,19.0307,19.3569,-0.32620000000000005,-1.6852,191822.91,373692.537,18.7262,165745.938,,,,,13
14,002648.SZ,20180122,19.0109,19.0406,18.1904,18.8725,19.0307,-0.15820000000000078,-0.8313,144331.48,271939.024,18.7499,162967.078,,,,,14
15,002648.SZ,20180123,18.7934,19.0208,18.5067,18.9121,18.8725,0.03960000000000008,0.2098,109458.91,207582.451,18.7539,152558.322,,,,,15
16,002648.SZ,20180124,18.7835,19.7524,18.6946,19.179,18.9121,0.2668999999999997,1.4113,172499.94,337274.744,19.0702,153719.71,,,,,16
17,002648.SZ,20180125,19.0801,19.7029,18.6649,18.7539,19.179,-0.4250999999999969,-2.2165,135149.18,260465.785,18.9496,150652.484,,,,,17
18,002648.SZ,20180126,18.5858,18.7835,18.1904,18.4771,18.7539,-0.2768000000000015,-1.476,112666.5,210372.522,18.8389,134821.202,,,,,18
19,002648.SZ,20180129,18.3881,18.7638,17.528,17.9927,18.4771,-0.48440000000000083,-2.6216,173033.29,315310.386,18.663,140561.564,18.4573,158335.4285,,,19
20,002648.SZ,20180130,18.1508,18.1607,17.7554,17.9927,17.9927,0.0,0.0,94370.61,171334.04,18.4791,137543.904,18.5028,154453.1745,,,20
21,002648.SZ,20180131,17.8938,18.1508,17.1029,17.8048,17.9927,-0.18789999999999907,-1.0443,120348.28,215191.7,18.2042,127113.572,18.5196,150326.9175,,,21
22,002648.SZ,20180201,17.9927,17.9927,16.9546,17.0139,17.8048,-0.7909000000000006,-4.4421,102739.3,180805.398,17.8562,120631.596,18.4578,143310.5215,,,22
23,002648.SZ,20180202,16.8261,17.2907,16.3219,17.2512,17.0139,0.23730000000000118,1.3947,136734.69,234308.213,17.6111,125445.234,18.4163,142803.9445,,,23
24,002648.SZ,20180205,16.7866,17.2907,16.7075,17.1523,17.2512,-0.09890000000000043,-0.5733,109881.57,189336.887,17.443,112814.89,18.3342,139707.1565,,,24
25,002648.SZ,20180206,16.7075,16.7075,15.442,15.442,17.1523,-1.7103000000000002,-9.9713,182626.75,292200.866,16.9328,130466.118,18.1686,141410.0305,,,25
26,002648.SZ,20180207,15.6002,15.9363,14.147,15.1059,15.442,-0.33610000000000007,-2.1765,168034.07,258918.236,16.3931,140003.276,18.007,140965.41,,,26
27,002648.SZ,20180208,14.928,15.6002,14.8291,15.2641,15.1059,0.158199999999999,1.0473,82566.82,128291.774,16.0431,135968.78,17.8503,139802.122,,,27
28,002648.SZ,20180209,14.5918,15.0861,13.9196,14.1371,15.2641,-1.126999999999999,-7.3833,102388.34,149987.958,15.4203,129099.51,17.6491,138777.971,,,28
29,002648.SZ,20180212,14.2854,14.928,14.1371,14.582,14.1371,0.4449000000000005,3.147,97358.69,142790.519,14.9062,126594.934,17.4405,135734.6165,,,29
30,002648.SZ,20180213,14.6116,15.3135,14.6116,15.0861,14.582,0.5040999999999993,3.457,71150.35,108416.015,14.835,104299.654,17.2502,131216.9995,,,30
31,002648.SZ,20180214,15.1158,15.2938,14.8093,15.2542,15.0861,0.1681000000000008,1.1143,58289.67,89094.909,14.8647,82350.774,17.1331,125796.833,,,31
32,002648.SZ,20180222,15.3926,16.1143,15.0763,15.966,15.2542,0.7117999999999984,4.6663,94320.24,150041.901,15.0051,84701.458,16.9635,122988.5795,,,32
33,002648.SZ,20180223,15.9462,16.3911,15.8276,16.0352,15.966,0.06920000000000037,0.4334,83100.44,134753.767,15.3847,80843.878,16.8137,117552.456,,,33
34,002648.SZ,20180226,16.1242,16.4405,15.966,16.4405,16.0352,0.40530000000000044,2.5276,111910.19,184145.005,15.7564,83754.178,16.6921,115931.3915,,,34
35,002648.SZ,20180227,16.4109,16.7866,16.223,16.4208,16.4405,-0.019700000000000273,-0.1198,106111.13,177769.714,16.0233,90746.334,16.5676,115764.0025,,,35
36,002648.SZ,20180228,16.3417,16.5888,15.8375,16.2132,16.4208,-0.20759999999999934,-1.2643,87547.75,143654.287,16.2151,96597.95,16.4193,111516.393,,,36
37,002648.SZ,20180301,16.0253,16.7075,15.9363,16.4405,16.2132,0.2272999999999996,1.4019,100279.0,166137.375,16.31,97789.702,16.3036,109772.884,,,37
38,002648.SZ,20180302,16.2033,16.4405,15.9858,16.0748,16.4405,-0.36570000000000036,-2.2244,67004.83,109586.629,16.318,94570.58,16.1835,107489.8005,,,38
39,002648.SZ,20180305,16.0352,16.2725,15.9067,16.0846,16.0748,0.009799999999998477,0.061,54285.16,88337.915,16.2468,83045.574,16.0881,101552.394,,,39
40,002648.SZ,20180306,16.1538,16.6877,16.1538,16.6086,16.0846,0.5240000000000009,3.2578,92051.56,153592.805,16.2843,80233.66,16.0189,101436.4415,,,40
41,002648.SZ,20180307,16.7866,16.7866,16.055,16.1538,16.6086,-0.45479999999999876,-2.7383,82172.4,135785.924,16.2725,79158.59,15.9363,99527.6475,,,41
42,002648.SZ,20180308,16.1538,16.223,15.8375,16.0649,16.1538,-0.08889999999999887,-0.5503,61791.34,99917.465,16.1973,71461.058,15.8889,97480.2495,,,42
43,002648.SZ,20180309,16.2132,16.3021,15.9561,16.1242,16.0649,0.0592999999999968,0.3691,53028.63,86340.281,16.2072,68665.818,15.8325,93294.9465,,,43
44,002648.SZ,20180312,16.2626,17.4489,16.2132,17.1128,16.1242,0.9886000000000017,6.1312,151552.43,257758.402,16.4129,88119.272,15.8306,95378.4895,,,44
45,002648.SZ,20180313,16.8063,17.5676,16.6679,17.1919,17.1128,0.07910000000000039,0.4622,138370.66,242077.538,16.5295,97383.092,15.9181,93165.685,,,45
46,002648.SZ,20180314,17.2314,17.6763,16.925,17.1029,17.1919,-0.08899999999999864,-0.5177,79768.65,139036.865,16.7193,96902.342,16.0179,88752.414,,,46
47,002648.SZ,20180315,17.1523,17.5478,17.1029,17.3995,17.1029,0.296599999999998,1.7342,87455.28,153410.455,16.9863,102035.13,16.1247,88996.837,,,47
48,002648.SZ,20180316,17.4885,17.5478,16.747,16.8953,17.3995,-0.5042000000000009,-2.8978,84562.18,146482.189,17.1405,108341.84,16.2626,88105.529,,,48
49,002648.SZ,20180319,17.0436,17.093,16.49,16.5592,16.8953,-0.3360999999999983,-1.9893,54590.06,91919.075,17.0298,88949.366,16.3614,85967.0975,,,49
50,002648.SZ,20180320,16.4999,17.1919,16.2725,16.747,16.5592,0.1877999999999993,1.1341,67815.22,115084.163,16.9408,74838.278,16.4445,85800.341,,,50
51,002648.SZ,20180321,16.8162,17.3797,16.6284,16.7866,16.747,0.03960000000000008,0.2365,95902.05,165425.94,16.8775,78064.958,16.5211,87680.96,,,51
52,002648.SZ,20180322,17.0436,17.1128,16.3219,16.4109,16.7866,-0.37569999999999837,-2.2381,64680.18,108665.229,16.6798,73509.938,16.5434,86198.957,,,52
53,002648.SZ,20180323,15.0466,15.9858,14.8983,15.185,16.4109,-1.225900000000001,-7.47,126185.71,196149.571,16.3377,81834.644,16.5008,88353.2205,,,53
54,002648.SZ,20180326,15.1751,15.5014,14.058,15.3827,15.185,0.19769999999999932,1.3019,54059.76,82412.073,16.1024,81728.584,16.448,85460.699,,,54
55,002648.SZ,20180327,15.6694,15.9561,15.5211,15.6892,15.3827,0.3064999999999998,1.9925,69328.0,110569.88,15.8909,82031.14,16.4114,83621.5425,,,55
56,002648.SZ,20180328,15.4915,15.8078,14.839,15.5706,15.6892,-0.11859999999999893,-0.7559,43929.71,68560.41,15.6477,71636.672,16.3792,81440.6405,,,56
57,002648.SZ,20180329,15.4717,15.7979,15.1059,15.7189,15.5706,0.148299999999999,0.9524,83484.9,130512.653,15.5093,75397.616,16.3432,80600.9355,,,57
58,002648.SZ,20180330,15.709,15.7881,15.3135,15.4519,15.7189,-0.26699999999999946,-1.6986,94827.61,148326.711,15.5627,69125.996,16.312,81992.0745,,,58
59,002648.SZ,20180402,14.839,15.0169,14.3645,14.9082,15.4519,-0.5436999999999994,-3.5187,161869.81,240849.221,15.4678,90688.006,16.2532,87371.307,16.9329,115753.0432,59
60,002648.SZ,20180403,14.5523,14.7302,14.4633,14.5029,14.9082,-0.40530000000000044,-2.7186,58543.21,86277.983,15.2305,88531.048,16.1479,85695.8895,16.8899,113861.8352,60
61,002648.SZ,20180404,14.5424,14.8983,14.5424,14.6017,14.5029,0.09879999999999889,0.6812,50623.24,75380.411,15.0367,89869.754,16.0703,84118.4315,16.8421,111324.3322,61
62,002648.SZ,20180409,14.4831,14.5325,13.9888,14.1272,14.6017,-0.47449999999999903,-3.2496,73312.13,104896.41,14.7184,87835.2,15.9734,84694.471,16.7734,108495.0807,62
63,002648.SZ,20180410,14.0679,14.4831,14.0283,14.4831,14.1272,0.3559000000000001,2.5193,57595.31,83084.715,14.5246,80388.74,15.8914,84922.805,16.7134,107007.232,63
64,002648.SZ,20180411,14.8291,15.2048,14.7105,14.9379,14.4831,0.45480000000000054,3.1402,102438.08,155370.165,14.5306,68502.394,15.7826,82467.0875,16.6491,105850.9112,64
65,002648.SZ,20180412,14.8489,15.1059,14.6314,14.6512,14.9379,-0.2867000000000015,-1.9193,47015.72,70379.509,14.5602,66196.896,15.6556,77899.3405,16.5808,104158.352,65
66,002648.SZ,20180413,14.7302,14.8192,14.3348,14.404,14.6512,-0.24719999999999942,-1.6872,51480.72,75397.357,14.5207,66368.392,15.5206,76484.944,16.5152,102067.5893,66
67,002648.SZ,20180416,14.3348,14.3447,13.9492,14.1371,14.404,-0.2668999999999997,-1.853,49759.61,70978.387,14.5227,61657.888,15.3575,74600.1605,16.4442,101133.0398,67
68,002648.SZ,20180417,14.1371,14.2854,13.9591,13.9789,14.1371,-0.15820000000000078,-1.119,30212.81,43029.2,14.4218,56181.388,15.2117,71882.692,16.3745,99588.7307,68
69,002648.SZ,20180418,14.1473,14.3064,13.4906,13.8786,13.9781,-0.09949999999999903,-0.7118,49159.15,67897.243,14.21,45525.602,15.0777,71611.1465,16.2932,97770.9535,69
70,002648.SZ,20180419,13.8289,14.2468,13.8289,14.0378,13.8786,0.15920000000000023,1.1471,38335.38,54126.691,14.0873,43789.534,14.9422,70137.1545,16.2123,95718.165,70
71,002648.SZ,20180420,14.0378,14.0378,13.3514,13.3713,14.0378,-0.666500000000001,-4.7479,47702.44,65333.302,13.8807,43033.878,14.7715,67727.174,16.1419,93734.989,71
72,002648.SZ,20180423,13.3016,13.411,12.7544,12.9435,13.3713,-0.4277999999999995,-3.1994,59352.35,77805.272,13.642,44952.426,14.5981,67460.7825,16.035,92216.1063,72
73,002648.SZ,20180424,12.834,13.023,12.7644,12.8838,12.9435,-0.05969999999999942,-0.4612,105013.56,135947.357,13.423,59912.576,14.483,66402.175,15.9325,90769.2838,73
74,002648.SZ,20180425,12.8838,12.8838,12.1674,12.2669,12.8838,-0.6169000000000011,-4.7882,111487.55,139189.259,13.1007,72378.256,14.3272,69273.5645,15.8224,90221.885,74
75,002648.SZ,20180426,12.3664,12.3863,11.8491,12.0282,12.2669,-0.2386999999999997,-1.9459,86452.94,105119.731,12.6987,82001.768,14.1442,70129.8115,15.7077,89838.4522,75
76,002648.SZ,20180427,12.0779,12.1774,11.9287,11.9585,12.0282,-0.06969999999999921,-0.5795,46653.01,56489.475,12.4162,81791.882,13.9636,70265.9765,15.5874,87741.0033,76
77,002648.SZ,20180502,11.9784,12.1177,11.8889,11.9585,11.9585,0.0,0.0,49905.0,60012.96,12.2192,79902.412,13.7756,68586.9815,15.4741,86320.267,77
78,002648.SZ,20180503,11.9685,11.9685,11.4412,11.8192,11.9585,-0.13930000000000042,-1.1649,76389.34,89483.475,12.0063,74177.568,13.5939,67665.068,15.3631,85715.6477,78
79,002648.SZ,20180504,11.8391,12.2072,11.8093,12.1376,11.8192,0.31840000000000046,2.6939,88211.04,106958.772,11.9804,69522.266,13.4554,63982.1295,15.2656,84301.9435,79
80,002648.SZ,20180507,12.1376,13.0031,12.058,12.7843,12.1376,0.6466999999999992,5.3281,127445.72,162034.711,12.1316,77720.822,13.3695,67427.255,15.1788,84853.1953,80
81,002648.SZ,20180508,12.8639,13.1922,12.6649,12.7345,12.7843,-0.0497999999999994,-0.3895,91957.26,119258.05,12.2868,86781.672,13.2761,69493.956,15.0943,84380.0117,81
82,002648.SZ,20180509,12.7345,12.9733,12.4361,12.6947,12.7345,-0.03980000000000139,-0.3125,72213.17,91916.642,12.4341,91243.306,13.2045,69439.008,15.0223,83871.2428,82
83,002648.SZ,20180510,12.6947,12.9236,12.645,12.7246,12.6947,0.02990000000000137,0.2355,46349.36,59485.731,12.6151,85235.31,13.1166,68876.7105,14.9468,82364.8207,83
84,002648.SZ,20180511,12.7445,13.1325,12.7445,12.9335,12.7246,0.20889999999999986,1.6417,84538.09,109905.873,12.7743,84500.72,13.0163,67981.711,14.8765,81942.4293,84
85,002648.SZ,20180514,12.9236,13.4309,12.9236,13.1822,12.9335,0.24869999999999948,1.9229,84285.58,112087.36,12.8539,75868.692,12.9429,69845.204,14.8388,80303.4098,85
86,002648.SZ,20180515,13.1723,13.232,12.8838,13.0529,13.1822,-0.12930000000000064,-0.9809,41543.76,54173.933,12.9176,65785.992,12.8753,69348.356,14.8046,78195.238,86
87,002648.SZ,20180516,13.0529,13.0529,12.7743,12.8937,13.0529,-0.15919999999999845,-1.2197,39695.04,51290.847,12.9574,59282.366,12.8132,68845.1275,14.7651,77480.7083,87
88,002648.SZ,20180517,12.7942,13.4707,12.7942,13.1225,12.8937,0.22879999999999967,1.7745,81005.65,107381.248,13.037,66213.624,12.7703,71384.7695,14.7482,77124.3302,88
89,002648.SZ,20180518,13.1623,13.5205,13.1623,13.3812,13.1225,0.25869999999999926,1.9714,104292.7,140124.381,13.1265,70164.546,12.7455,74141.447,14.7282,77239.897,89
90,002648.SZ,20180521,14.4557,14.7243,14.1274,14.7243,13.3812,1.3430999999999997,10.0372,281316.06,412311.43,13.4349,109570.642,12.7798,86290.481,14.7222,80742.6588,90
91,002648.SZ,20180522,15.0029,15.8585,14.6746,15.1919,14.7243,0.4676000000000009,3.1757,218788.44,334003.055,13.8627,145019.578,12.8708,94844.781,14.7211,83417.6383,91
92,002648.SZ,20180523,14.9531,15.1223,14.4756,14.5552,15.1919,-0.6367000000000012,-4.191,146771.42,217045.424,14.195,166434.854,12.9514,99215.7345,14.6976,84291.8247,92
93,002648.SZ,20180524,14.4855,14.983,14.4855,14.6945,14.5552,0.13930000000000042,0.957,101725.43,150689.405,14.5094,170578.81,13.0419,99051.328,14.6753,84602.2412,93
94,002648.SZ,20180525,14.6547,14.7442,14.207,14.2666,14.6945,-0.4278999999999993,-2.912,70622.05,102121.921,14.6865,163844.68,13.1419,97008.053,14.639,83914.1055,94
95,002648.SZ,20180528,14.0279,14.2269,13.5802,13.7394,14.2666,-0.5272000000000006,-3.6953,92729.17,128263.613,14.4895,126127.302,13.2275,97321.8645,14.5944,83691.0728,95
96,002648.SZ,20180529,14.0179,14.0577,13.5105,13.5404,13.7394,-0.19899999999999984,-1.4484,46877.48,64632.625,14.1592,91745.11,13.3066,97333.088,14.5498,83013.235,96
97,002648.SZ,20180530,13.4409,13.4409,12.8838,12.9832,13.5404,-0.5571999999999999,-4.1151,71305.48,94021.761,13.8448,76651.922,13.3578,98403.112,14.4922,82530.343,97
98,002648.SZ,20180531,13.4409,13.5503,13.0529,13.5105,12.9832,0.5273000000000003,4.0614,75581.96,101392.614,13.608,71423.228,13.4424,98362.743,14.4494,82673.2952,98
99,002648.SZ,20180601,13.4309,13.6498,13.2817,13.5404,13.5105,0.029899999999999594,0.2213,51589.33,70036.598,13.4628,67616.684,13.5125,96531.6575,14.407,82628.3647,99
100,002648.SZ,20180604,13.6996,14.1871,13.6299,13.9582,13.5404,0.4177999999999997,3.0856,57823.57,81260.648,13.5065,60635.564,13.5712,93050.55,14.3629,82057.8982,100
101,002648.SZ,20180605,14.1075,14.1075,13.6399,14.0478,13.9582,0.08960000000000079,0.6419,51679.99,72270.967,13.608,61596.066,13.6369,91036.6865,14.3278,81549.6913,101
102,002648.SZ,20180606,13.9284,14.0677,13.809,13.9184,14.0478,-0.1294000000000004,-0.9211,33175.4,46351.259,13.7951,53970.05,13.6981,89084.798,14.292,81072.759,102
103,002648.SZ,20180607,13.9184,13.9383,13.4309,13.4309,13.9184,-0.4875000000000007,-3.5026,41147.0,56557.69,13.7791,47083.058,13.7334,88824.68,14.2471,80874.7318,103
104,002648.SZ,20180608,13.5304,13.5802,12.9037,13.0728,13.4309,-0.35809999999999853,-2.6662,57912.45,75903.82,13.6856,48347.682,13.7403,87493.398,14.1798,79314.0655,104
105,002648.SZ,20180611,12.8937,13.3016,12.8937,13.3016,13.0728,0.22879999999999967,1.7502,33836.0,44838.015,13.5543,43550.168,13.7463,84970.919,14.1149,77571.8212,105
106,002648.SZ,20180612,13.5105,13.5105,12.9435,13.2917,13.3016,-0.00990000000000002,-0.0744,33220.09,44094.961,13.4031,39858.188,13.7583,84554.7355,14.0514,76796.0118,106
107,002648.SZ,20180613,13.2817,13.2817,13.0031,13.1026,13.2917,-0.18909999999999982,-1.4227,26861.74,35476.152,13.2399,38595.456,13.7687,83913.0705,13.9798,75786.1195,107
108,002648.SZ,20180614,13.1026,13.3215,12.8838,12.8937,13.1026,-0.20889999999999986,-1.5943,26826.0,35177.764,13.1325,35731.256,13.7573,81204.088,13.9131,74823.8498,108
109,002648.SZ,20180615,12.8042,12.9832,11.9585,12.1475,12.8937,-0.7462,-5.7873,65770.17,81268.188,12.9474,37302.8,13.6956,79277.9615,13.8396,75010.185,109
110,002648.SZ,20180619,12.1376,12.1376,10.9338,10.9338,12.1475,-1.2137000000000011,-9.9914,86074.61,97756.163,12.4739,47750.522,13.5061,69515.889,13.7427,75314.5082,110
111,002648.SZ,20180620,10.8442,11.0233,10.0085,10.5458,10.9338,-0.3879999999999999,-3.5486,121482.9,128107.585,11.9247,65403.084,13.2737,64650.612,13.6387,75740.8557,111
112,002648.SZ,20180621,10.496,10.894,10.2772,10.5159,10.5458,-0.029899999999999594,-0.2835,86263.75,92938.616,11.4073,77283.486,13.0718,61625.2285,13.5404,76100.5818,112
113,002648.SZ,20180622,10.3965,10.8741,10.2971,10.7945,10.5159,0.27859999999999907,2.6493,43184.81,46428.11,10.9875,80555.248,12.8768,58698.1975,13.4673,74717.2335,113
114,002648.SZ,20180625,11.0432,11.1029,10.7348,10.8045,10.7945,0.010000000000001563,0.0926,35710.85,39372.535,10.7189,74543.384,12.7037,56952.6375,13.3909,74411.4183,114
115,002648.SZ,20180626,10.5458,10.9039,10.4761,10.8542,10.8045,0.04969999999999963,0.46,29465.95,31602.509,10.703,63221.652,12.5594,53789.4765,13.3104,73747.0508,115
116,002648.SZ,20180627,10.9238,11.2521,10.5657,10.6552,10.8542,-0.19899999999999984,-1.8334,48897.62,53748.924,10.7249,48704.596,12.4152,53890.4835,13.2284,73829.8493,116
117,002648.SZ,20180628,10.6751,10.9238,10.6652,10.6751,10.6552,0.019899999999999807,0.1868,29320.74,31778.608,10.7567,37315.994,12.2998,51791.2465,13.1444,72927.1133,117
118,002648.SZ,20180629,10.6751,11.0333,10.5458,10.9736,10.6751,0.2984999999999989,2.7962,34871.56,37993.975,10.7925,35653.344,12.1729,49755.7265,13.0697,71927.8458,118
119,002648.SZ,20180702,11.1228,11.1228,10.4761,10.6254,10.9736,-0.3481999999999985,-3.1731,38141.44,41261.075,10.7567,36139.462,12.0272,49083.332,12.9984,69865.7063,119
120,002648.SZ,20180703,10.6751,10.6751,10.0185,10.5557,10.6254,-0.06970000000000098,-0.656,47109.72,49101.653,10.697,39668.216,11.857,48547.6395,12.9326,69675.1482,120
121,002648.SZ,20180704,10.5259,10.5259,9.9687,10.0782,10.5557,-0.47749999999999915,-4.5236,47243.82,48407.691,10.5816,39337.456,11.6586,48325.831,12.8572,69618.8245,121
122,002648.SZ,20180705,10.1478,10.1677,9.3619,9.5012,10.0782,-0.577,-5.7252,50169.29,49492.45,10.3468,43507.166,11.4377,49175.5255,12.7801,69233.1105,122
123,002648.SZ,20180706,9.5111,10.4562,9.5111,10.118,9.5012,0.6167999999999996,6.4918,84324.45,85336.02,10.1757,53397.744,11.272,51334.398,12.7073,69678.5962,123
124,002648.SZ,20180709,10.1379,10.9139,10.1279,10.7945,10.118,0.676499999999999,6.6861,71125.33,75783.492,10.2095,59994.522,11.1581,51995.042,12.6383,69156.717,124
125,002648.SZ,20180710,10.9437,10.9437,10.6851,10.8442,10.7945,0.04970000000000141,0.4604,33617.92,36493.307,10.2672,57296.162,11.0353,51984.138,12.5748,68933.4203,125
126,002648.SZ,20180711,10.506,10.6254,10.1478,10.4065,10.8442,-0.4377000000000013,-4.0363,49130.35,51088.714,10.3329,57673.468,10.891,52779.651,12.5082,68894.2475,126
127,002648.SZ,20180712,10.2075,10.8045,10.2075,10.5557,10.4065,0.14920000000000044,1.4337,69487.34,73970.806,10.5438,61537.078,10.7637,54910.931,12.4485,69223.043,127
128,002648.SZ,20180713,10.5955,10.8641,10.4463,10.705,10.5557,0.1493000000000002,1.4144,43149.63,46598.882,10.6612,53302.114,10.6542,55727.1125,12.3939,69438.6567,128
129,002648.SZ,20180716,10.7348,10.7746,10.5458,10.6353,10.705,-0.06969999999999921,-0.6511,28729.6,30688.585,10.6293,44822.968,10.5786,53875.084,12.3399,69098.1642,129
130,002648.SZ,20180717,10.6254,10.7249,10.3667,10.6851,10.6353,0.0497999999999994,0.4683,27219.18,28931.021,10.5975,43543.22,10.5662,50932.3125,12.284,68912.8942,130
131,002648.SZ,20180718,10.7348,10.7746,10.496,10.5159,10.6851,-0.16920000000000002,-1.5835,25503.02,27233.508,10.6194,38817.754,10.5647,46133.3185,12.2364,68542.9038,131
132,002648.SZ,20180719,10.4562,10.6055,10.3667,10.496,10.5159,-0.019899999999999807,-0.1892,28155.78,29665.295,10.6075,30551.442,10.5637,43227.92,12.1956,68022.961,132
133,002648.SZ,20180720,10.496,10.5557,10.1677,10.4761,10.496,-0.019899999999999807,-0.1896,28224.87,29647.021,10.5617,27566.49,10.5478,42479.923,12.1555,66743.1495,133
134,002648.SZ,20180723,10.5856,10.6851,10.3866,10.6652,10.4761,0.18909999999999982,1.8051,25675.11,27284.517,10.5677,26955.592,10.5408,41978.136,12.1288,65312.9422,134
135,002648.SZ,20180724,10.695,11.2422,10.695,11.1527,10.6652,0.48749999999999893,4.5709,63203.49,70377.681,10.6612,34152.454,10.5557,43665.013,12.1142,64925.4513,135
136,002648.SZ,20180725,11.1228,11.2223,10.884,10.9338,11.1527,-0.21889999999999965,-1.9628,43896.9,48535.878,10.7448,37831.23,10.5697,43414.977,12.0971,64879.5162,136
137,002648.SZ,20180726,11.0731,11.1925,10.7448,10.8442,10.9338,-0.08959999999999901,-0.8195,49615.15,54755.0,10.8144,42123.104,10.5781,44429.6975,12.0786,64874.6853,137
138,002648.SZ,20180727,10.8542,10.9636,10.7348,10.8243,10.8442,-0.019900000000001583,-0.1835,24133.83,26351.191,10.884,41304.896,10.5707,43892.811,12.062,64003.7602,138
139,002648.SZ,20180730,10.8243,11.0333,10.6453,10.695,10.8243,-0.12929999999999886,-1.1945,25825.58,27936.878,10.89,41334.99,10.5741,43277.018,12.0379,62964.0025,139
140,002648.SZ,20180731,10.7547,10.7647,10.5458,10.6751,10.695,-0.019899999999999807,-0.1861,18677.33,20004.357,10.7945,32429.758,10.5801,41855.3985,12.0028,61151.196,140
141,002648.SZ,20180801,10.695,10.7647,10.0583,10.2871,10.6751,-0.3879999999999999,-3.6346,45209.0,47522.001,10.6651,32692.178,10.5905,41753.6575,11.962,60372.0583,141
142,002648.SZ,20180802,10.0782,10.2871,9.4415,9.8792,10.2871,-0.4078999999999997,-3.9652,59545.81,58515.376,10.4721,34678.31,10.6094,42222.4835,11.9151,60160.9357,142
143,002648.SZ,20180803,9.7101,9.8693,9.332,9.342,9.8792,-0.5372000000000003,-5.4377,65646.04,62657.739,10.1757,42980.752,10.5706,41288.563,11.8587,60482.547,143
144,002648.SZ,20180806,9.2524,9.4514,8.9341,9.1032,9.342,-0.23880000000000123,-2.5562,42373.39,38936.155,9.8573,46290.314,10.4861,39850.966,11.7949,59779.802,144
145,002648.SZ,20180807,9.2425,9.4514,9.0535,9.4514,9.1032,0.3482000000000003,3.825,44786.07,41753.095,9.6126,51512.062,10.4164,40409.3735,11.7327,59121.4768,145
146,002648.SZ,20180808,9.4315,9.5012,9.0833,9.1032,9.4514,-0.3482000000000003,-3.6841,68114.12,64153.257,9.3758,56093.086,10.3513,41358.562,11.6668,59564.3162,146
147,002648.SZ,20180809,9.1032,9.4116,9.0932,9.3022,9.1032,0.19899999999999984,2.186,69038.37,64545.179,9.2604,57991.598,10.2886,41336.1135,11.607,60053.3717,147
148,002648.SZ,20180810,9.2524,9.4415,9.1927,9.332,9.3022,0.029800000000001603,0.3204,41792.0,39146.421,9.2584,53220.79,10.2199,41268.232,11.5438,59399.8108,148
149,002648.SZ,20180813,9.5509,10.2672,9.4514,10.2672,9.332,0.9352,10.0214,177083.91,179067.087,9.4912,80162.894,10.2015,48685.9475,11.4919,60612.9977,149
150,002648.SZ,20180814,10.5458,10.695,10.0384,10.2075,10.2672,-0.0597000000000012,-0.5815,183469.42,190200.477,9.6424,107899.564,10.1777,56498.4595,11.4166,58982.2203,150
151,002648.SZ,20180815,10.1876,10.695,10.0483,10.4065,10.2075,0.19899999999999984,1.9495,193780.14,202893.025,9.9031,133032.768,10.1722,64912.3155,11.3369,58565.4153,151
152,002648.SZ,20180816,10.2374,10.695,10.1777,10.3468,10.4065,-0.05969999999999942,-0.5737,130046.49,136766.376,10.112,145234.392,10.1647,70006.851,11.2667,58286.6665,152
153,002648.SZ,20180817,10.5259,10.7448,10.0483,10.1777,10.3468,-0.16910000000000025,-1.6343,96206.19,99657.702,10.2811,156117.23,10.1498,73405.917,11.1915,58194.6792,153
154,002648.SZ,20180820,10.1279,10.1876,9.521,9.9787,10.1777,-0.19899999999999984,-1.9553,137501.06,135604.859,10.2234,148200.66,10.1155,78997.2145,11.12,59309.3293,154
155,002648.SZ,20180821,10.0881,10.1478,9.8792,9.9787,9.9787,0.0,0.0,82292.73,82742.706,10.1777,127965.322,10.0568,79951.6765,11.0573,59135.3887,155
156,002648.SZ,20180822,9.9389,9.9389,9.5708,9.7399,9.9787,-0.23879999999999946,-2.3931,65460.29,64291.44,10.0444,102301.352,9.9971,81029.846,10.994,59445.1022,156
157,002648.SZ,20180823,9.8394,9.9488,9.6205,9.8593,9.7399,0.11939999999999884,1.2259,56690.47,55772.714,9.9469,87630.148,9.9478,81383.612,10.9419,59201.5187,157
158,002648.SZ,20180824,9.7698,9.9091,9.6603,9.72,9.8593,-0.13929999999999865,-1.4129,49466.0,48518.733,9.8553,78282.11,9.8926,82650.2205,10.8787,58766.2527,158
159,002648.SZ,20180827,9.7698,10.118,9.6305,10.0682,9.72,0.3481999999999985,3.5823,92567.05,91842.558,9.8732,69295.308,9.8613,85987.294,10.8209,59449.2147,159
160,002648.SZ,20180828,10.0483,10.4463,10.0185,10.2672,10.0682,0.19900000000000162,1.9765,113339.95,116928.272,9.9309,75504.752,9.8409,90720.425,10.7593,60374.4877,160
161,002648.SZ,20180829,10.2374,10.317,10.1578,10.2672,10.2672,0.0,0.0,42225.85,43430.553,10.0364,70857.864,9.8399,90571.2675,10.6963,60216.9187,161
162,002648.SZ,20180830,10.3468,10.5657,10.1976,10.307,10.2672,0.03979999999999961,0.3876,95260.57,99783.923,10.1259,78571.884,9.8613,92357.0055,10.6361,61251.6715,162
163,002648.SZ,20180831,10.3866,10.4065,10.2473,10.2971,10.307,-0.00990000000000002,-0.0961,44670.67,46370.436,10.2413,77612.818,9.909,91308.237,10.5839,61310.3993,163
164,002648.SZ,20180903,10.2672,10.4861,10.0483,10.4264,10.2971,0.12929999999999886,1.2557,65818.6,68176.36,10.313,72263.128,9.9752,92480.4975,10.5398,61442.1685,164
165,002648.SZ,20180904,10.4264,10.9636,10.3369,10.8343,10.4264,0.4079000000000015,3.9122,144885.45,156617.119,10.4264,78572.228,10.0444,97485.4665,10.4987,63292.9927,165
166,002648.SZ,20180905,10.884,11.3118,10.7149,11.083,10.8343,0.24869999999999948,2.2955,140443.85,156755.568,10.5896,98215.828,10.1433,101101.953,10.4619,65080.0553,166
167,002648.SZ,20180906,10.9935,11.1925,10.7149,10.7547,11.083,-0.3283000000000005,-2.9622,92981.18,102059.611,10.6791,97759.95,10.216,102299.0935,10.4227,66182.046,167
168,002648.SZ,20180907,10.7149,11.1925,10.6652,11.1626,10.7547,0.4078999999999997,3.7928,98273.5,107193.088,10.8522,108480.516,10.3075,105123.1685,10.3939,67372.8377,168
169,002648.SZ,20180910,11.0432,11.0432,10.4861,10.5856,11.1626,-0.577,-5.169,100843.0,109541.033,10.884,115485.396,10.3234,101311.123,10.3679,67957.3848,169
170,002648.SZ,20180911,10.5856,10.8243,10.4164,10.5358,10.5856,-0.0497999999999994,-0.4705,95751.94,101758.144,10.8243,105658.694,10.3398,96925.249,10.3612,68118.6737,170
171,002648.SZ,20180912,10.5756,10.7448,10.4264,10.5159,10.5358,-0.019899999999999807,-0.1889,55896.25,59516.002,10.7109,88749.174,10.3453,90031.0545,10.3607,67025.5628,171
172,002648.SZ,20180913,10.6453,11.1029,10.5955,11.0631,10.5159,0.5472000000000001,5.2035,107725.2,117524.141,10.7726,91697.978,10.3811,88914.99,10.3698,67383.2537,172
173,002648.SZ,20180914,10.9935,11.0134,10.8442,10.9636,11.0631,-0.09950000000000081,-0.8994,53095.67,58349.601,10.7328,82662.412,10.4204,86759.464,10.3727,67548.4347,173
174,002648.SZ,20180917,10.8343,10.8343,10.5159,10.6751,10.9636,-0.2884999999999991,-2.6314,55307.91,59313.68,10.7507,73555.394,10.4552,82649.8065,10.3705,67875.0523,174
175,002648.SZ,20180918,10.6751,11.1328,10.6353,11.093,10.6751,0.4178999999999995,3.9147,77855.71,85717.99,10.8621,69976.148,10.5109,82427.9555,10.3745,68681.5483,175
176,002648.SZ,20180919,11.0631,11.2521,10.9537,11.1029,11.093,0.00990000000000002,0.0892,82248.65,91863.477,10.9795,75246.628,10.5791,83267.3735,10.382,69237.3988,176
177,002648.SZ,20180920,11.0333,11.1427,10.8542,10.9437,11.1029,-0.15920000000000023,-1.4339,44395.03,49038.611,10.9557,62580.594,10.6333,82652.6015,10.3864,69488.637,177
178,002648.SZ,20180921,11.0034,11.272,10.9537,11.2223,10.9437,0.27860000000000085,2.5458,78803.71,88588.885,11.0074,67722.202,10.7084,84119.487,10.3906,70220.8395,178
179,002648.SZ,20180925,11.1228,11.5606,11.0731,11.2223,11.2223,0.0,0.0,91065.01,103817.777,11.1168,74873.622,10.7661,84044.385,10.4005,71102.899,179
180,002648.SZ,20180926,11.2024,11.3914,11.1527,11.1925,11.2223,-0.029799999999999827,-0.2655,74542.97,84198.002,11.1367,74211.074,10.8124,82104.536,10.4111,71560.1198,180
181,002648.SZ,20180927,11.1527,11.3317,11.0532,11.1129,11.1925,-0.079600000000001,-0.7112,57188.52,64207.619,11.1387,69199.048,10.8547,82852.6695,10.4284,71725.8648,181
182,002648.SZ,20180928,11.1427,11.2521,10.8741,11.1129,11.1129,0.0,0.0,51744.69,57300.922,11.1726,70668.98,10.895,80676.8755,10.4552,71752.1215,182
183,002648.SZ,20181008,10.9537,11.0432,10.5557,10.7249,11.1129,-0.3879999999999999,-3.4914,43963.0,47980.067,11.0731,63700.838,10.9164,80641.492,10.4654,71079.4307,183
184,002648.SZ,20181009,10.7249,11.3118,10.7249,11.1626,10.7249,0.43769999999999953,4.0812,77728.48,86807.373,11.0612,61033.532,10.9532,81236.986,10.4715,71189.4832,184
185,002648.SZ,20181010,11.3516,11.5307,11.1626,11.3417,11.1626,0.17910000000000004,1.6045,96042.95,109452.568,11.091,65333.528,10.9786,78794.861,10.4798,72229.9003,185
186,002648.SZ,20181011,10.9437,11.1726,10.2075,10.2075,11.3417,-1.1341999999999999,-10.0003,105251.0,112036.095,10.9099,74946.024,10.9348,77035.2185,10.4765,73165.2445,186
187,002648.SZ,20181012,10.0483,10.108,9.1927,9.8991,10.2075,-0.3083999999999989,-3.0213,102028.45,100421.447,10.6672,85002.776,10.892,77487.582,10.4655,73707.5963,187
188,002648.SZ,20181015,9.9488,10.2175,9.8295,9.8593,9.8991,-0.03980000000000139,-0.4021,58903.72,59273.492,10.494,87990.92,10.8268,75519.093,10.4514,73970.1645,188
189,002648.SZ,20181016,9.8693,10.0981,9.3619,9.4116,9.8593,-0.4476999999999993,-4.5409,44477.65,43344.96,10.1438,81340.754,10.7681,72700.8255,10.431,74232.632,189
190,002648.SZ,20181017,9.6404,10.0682,9.6006,9.8394,9.4116,0.4277999999999995,4.5455,74499.27,73451.517,9.8434,77032.018,10.7333,71638.192,10.4169,75020.6335,190
191,002648.SZ,20181018,9.8295,9.8394,9.3221,9.3818,9.8394,-0.45759999999999934,-4.6507,50901.72,48870.451,9.6782,66162.162,10.6766,71388.4655,10.398,75443.9452,191
192,002648.SZ,20181019,9.1828,9.6404,9.0435,9.5708,9.3818,0.18900000000000006,2.0145,65985.6,62090.641,9.6126,58953.592,10.602,69301.4855,10.3826,76074.4422,192
193,002648.SZ,20181022,9.6006,10.3568,9.6006,10.3269,9.5708,0.7561,7.9001,99563.87,100601.878,9.7061,67085.622,10.5702,71624.8955,10.3801,77263.4255,193
194,002648.SZ,20181023,10.4164,10.8243,10.2971,10.4761,10.3269,0.14920000000000044,1.4448,117571.02,124678.304,9.919,81704.296,10.5602,74738.051,10.377,78795.024,194
195,002648.SZ,20181024,10.4463,10.5458,10.1478,10.2175,10.4761,-0.2586000000000013,-2.4685,85177.63,88242.772,9.9946,83839.968,10.5164,75104.147,10.3614,79161.2597,195
196,002648.SZ,20181025,9.6106,10.118,9.6106,10.0483,10.2175,-0.16920000000000002,-1.656,74493.76,73973.432,10.1279,88558.376,10.4637,74716.4025,10.3466,79671.2073,196
197,002648.SZ,20181026,10.1578,10.2175,9.929,9.9488,10.0483,-0.09949999999999903,-0.9902,67923.83,68689.658,10.2035,88946.022,10.414,75892.8425,10.3317,79976.352,197
198,002648.SZ,20181029,9.9886,9.9886,9.6205,9.7698,9.9488,-0.17900000000000027,-1.7992,42295.34,41572.405,10.0921,77492.316,10.3413,74067.424,10.3141,80279.0438,198
199,002648.SZ,20181030,9.6902,9.9986,9.531,9.8593,9.7698,0.08949999999999925,0.9161,51747.34,50982.359,9.9687,64327.58,10.2732,72101.5405,10.3002,80711.0732,199
200,002648.SZ,20181031,9.9091,9.9886,9.8195,9.9488,9.8593,0.08950000000000102,0.9078,43331.0,43261.79,9.915,55958.254,10.211,70540.942,10.2881,81121.9677,200
201,002648.SZ,20181101,9.9787,10.2772,9.9488,9.9488,9.9488,0.0,0.0,72504.06,73768.276,9.8951,55560.314,10.1528,71306.719,10.2825,81576.8853,201
202,002648.SZ,20181102,10.1677,10.506,10.0782,10.4761,9.9488,0.5273000000000003,5.3001,95802.68,99198.369,10.0006,61136.084,10.121,73509.6185,10.2924,82181.1665,202
203,002648.SZ,20181105,10.496,10.6353,10.3866,10.5955,10.4761,0.11939999999999884,1.1397,70004.22,74086.104,10.1657,66677.86,10.1145,74811.6795,10.3133,82253.8028,203
204,002648.SZ,20181106,10.5458,10.6751,10.3766,10.5557,10.5955,-0.03979999999999961,-0.3756,35379.48,37447.979,10.305,63404.288,10.0841,72694.2295,10.3375,82137.2377,204
205,002648.SZ,20181107,10.5856,10.7945,10.4662,10.5756,10.5557,0.019899999999999807,0.1885,47392.44,50734.864,10.4303,64216.576,10.0458,70261.704,10.3562,82180.6772,205
206,002648.SZ,20181108,10.6353,10.7448,10.4065,10.4363,10.5756,-0.13930000000000042,-1.3172,34933.74,37061.074,10.5278,56702.512,10.0573,66745.841,10.3785,81627.6708,206
207,002648.SZ,20181109,10.3568,10.506,10.1478,10.2473,10.4363,-0.18900000000000006,-1.811,47777.53,49580.802,10.4821,47097.482,10.0747,64033.295,10.3942,81273.3235,207
208,002648.SZ,20181112,10.2871,10.894,10.2573,10.8343,10.2473,0.5870000000000015,5.7283,84078.89,89919.52,10.5298,49912.416,10.1234,65292.0535,10.4193,81978.105,208
209,002648.SZ,20181113,10.5458,10.8442,10.5458,10.7547,10.8343,-0.079600000000001,-0.7347,68785.3,74082.888,10.5696,56593.58,10.1906,66507.436,10.4274,80173.1282,209
210,002648.SZ,20181114,10.7647,10.7647,10.317,10.3468,10.7547,-0.4078999999999997,-3.7928,130312.84,136741.207,10.5239,73177.66,10.216,69298.1145,10.4297,79287.1852,210
211,002648.SZ,20181115,10.3667,10.506,10.2573,10.4761,10.3468,0.12930000000000064,1.2497,68537.31,71572.123,10.5318,79898.374,10.2707,70179.894,10.4309,77199.8047,211
212,002648.SZ,20181116,10.4463,10.6652,10.3667,10.5458,10.4761,0.06969999999999921,0.6653,87053.67,92432.726,10.5915,87753.602,10.3194,71233.2975,10.4342,76483.2577,212
213,002648.SZ,20181119,10.5159,10.6254,10.3965,10.506,10.5458,-0.03979999999999961,-0.3774,67820.97,71416.538,10.5259,84502.018,10.3284,69646.1525,10.4397,76010.1707,213
214,002648.SZ,20181120,10.4861,10.6254,10.2672,10.317,10.506,-0.18900000000000006,-1.799,60827.15,63743.83,10.4383,82910.388,10.3204,66808.959,10.4453,74732.2722,214
215,002648.SZ,20181121,10.0881,10.0881,9.6603,9.919,10.317,-0.3979999999999997,-3.8577,89985.01,89248.119,10.3528,74844.822,10.3055,67049.328,10.4443,74860.4768,215
216,002648.SZ,20181122,9.9488,10.0682,9.8693,9.9488,9.919,0.029799999999999827,0.3004,39243.0,39304.113,10.2473,68985.96,10.3005,65286.79,10.4478,74423.522,216
217,002648.SZ,20181123,9.9986,10.0085,9.4813,9.5509,9.9488,-0.3978999999999999,-3.9995,44928.69,43836.005,10.0483,60560.964,10.2806,64137.033,10.4426,74227.4923,217
218,002648.SZ,20181126,9.5807,9.5807,9.2027,9.4713,9.5509,-0.079600000000001,-0.8334,41558.6,39353.891,9.8414,55308.49,10.2657,64100.196,10.4385,74095.7023,218
219,002648.SZ,20181127,9.531,9.6404,9.4216,9.5608,9.4713,0.08950000000000102,0.945,20902.94,20043.976,9.6902,47323.648,10.2508,62557.976,10.43,72901.3005,219
220,002648.SZ,20181128,9.5608,9.6603,9.3917,9.6603,9.5608,0.09949999999999903,1.0407,28520.21,27473.273,9.6384,35030.688,10.2364,61817.4365,10.4199,71487.6382,220
221,002648.SZ,20181129,9.73,9.7499,9.4216,9.4216,9.6603,-0.2386999999999997,-2.4709,33337.46,32222.971,9.533,33849.58,10.21,59859.1065,10.4058,71339.4983,221
222,002648.SZ,20181130,9.4216,9.6802,9.4116,9.6802,9.4216,0.2585999999999995,2.7448,29671.0,28521.184,9.5588,30798.042,10.1702,56552.5225,10.3954,70246.3388,222
223,002648.SZ,20181203,10.0981,10.5756,9.9886,10.3269,9.6802,0.6467000000000009,6.6806,141277.35,146592.328,9.73,50741.792,10.1568,60116.179,10.3959,71856.4502,223
224,002648.SZ,20181204,10.307,10.5458,10.2573,10.4463,10.3269,0.11940000000000062,1.1562,65494.26,68629.023,9.9071,59660.056,10.1513,61621.918,10.3962,71851.0445,224
225,002648.SZ,20181205,10.2871,10.3965,10.2175,10.2672,10.4463,-0.17910000000000004,-1.7145,37892.71,39286.465,10.0284,61534.556,10.1359,61146.9315,10.3868,70067.8322,225
226,002648.SZ,20181206,10.2971,10.4164,10.1777,10.1976,10.2672,-0.06960000000000122,-0.6779,38592.87,39865.219,10.1836,62585.638,10.1239,61329.888,10.372,68370.3158,226
227,002648.SZ,20181207,10.2573,10.317,10.0284,10.2772,10.1976,0.079600000000001,0.7806,38225.2,39189.002,10.303,64296.478,10.1254,60852.2715,10.364,67457.7162,227
228,002648.SZ,20181210,10.2274,10.2772,9.9588,9.9588,10.2772,-0.31840000000000046,-3.0981,36068.97,36456.546,10.2294,43254.802,10.0817,58451.7755,10.344,66420.974,228
229,002648.SZ,20181211,9.9886,10.2772,9.9886,10.2772,9.9588,0.31840000000000046,3.1972,45536.78,46606.099,10.1956,39263.306,10.0578,57289.3495,10.3388,65499.2037,229
230,002648.SZ,20181212,10.3468,10.3965,10.2175,10.2473,10.2772,-0.02990000000000137,-0.2909,26554.0,27452.898,10.1916,36995.564,10.0528,52101.4075,10.334,64345.9047,230
231,002648.SZ,20181213,10.317,10.3667,10.1279,10.2971,10.2473,0.04980000000000118,0.486,33172.0,34347.145,10.2115,35911.39,10.0439,50333.142,10.3304,63967.1672,231
232,002648.SZ,20181214,10.3568,10.6254,10.307,10.3866,10.2971,0.08949999999999925,0.8692,72214.86,76167.903,10.2334,42709.322,10.0359,49591.2015,10.3191,63375.3282,232
233,002648.SZ,20181217,10.4363,10.4562,10.0981,10.2473,10.3866,-0.13930000000000042,-1.3412,30026.9,30793.112,10.2911,41500.908,10.023,47701.498,10.3072,62990.8487,233
234,002648.SZ,20181218,10.1976,10.1976,9.919,10.0981,10.2473,-0.14919999999999867,-1.456,39951.07,40300.825,10.2553,40383.766,10.012,46657.694,10.2976,62734.9013,234
235,002648.SZ,20181219,10.0682,10.0881,9.8394,9.8792,10.0981,-0.21889999999999965,-2.1677,32385.78,32339.419,10.1817,41550.122,10.01,43777.7325,10.2773,61977.0692,235
236,002648.SZ,20181220,9.8494,9.9389,9.7797,9.8593,9.8792,-0.019900000000001583,-0.2014,21292.0,21049.722,10.0941,39174.122,10.0056,42880.1825,10.2566,60961.125,236
237,002648.SZ,20181221,9.8295,9.8295,9.521,9.6006,9.8593,-0.25869999999999926,-2.6239,50241.97,48687.834,9.9369,34779.544,10.008,43145.8465,10.2342,61058.574,237
238,002648.SZ,20181224,9.5012,9.8494,9.5012,9.8494,9.6006,0.24879999999999924,2.5915,25902.25,25347.464,9.8573,33954.614,10.027,42363.029,10.2113,60176.883,238
239,002648.SZ,20181225,9.7101,9.7698,9.4713,9.7499,9.8494,-0.09949999999999903,-1.0102,33383.97,32257.741,9.7877,32641.194,10.0364,42987.0805,10.1868,59215.5323,239
240,002648.SZ,20181226,9.73,9.7399,9.4813,9.5509,9.7499,-0.19899999999999984,-2.041,42116.44,40735.993,9.722,34587.326,10.0309,43666.892,10.1594,58675.0902,240
241,002648.SZ,20181227,9.8494,9.8792,9.5509,9.6504,9.5509,0.09949999999999903,1.0418,42269.51,41306.352,9.6802,38782.828,10.0424,44113.4945,10.1351,58426.44,241
242,002648.SZ,20181228,9.6504,9.7101,9.5012,9.6205,9.6504,-0.029899999999999594,-0.3098,28243.04,27242.604,9.6842,34383.042,10.0394,44042.0965,10.1102,58034.7458,242
243,002648.SZ,20190102,9.7001,9.72,9.3519,9.4116,9.6205,-0.20889999999999986,-2.1714,37132.75,35475.742,9.5967,36629.142,9.9936,38834.8665,10.0883,57920.9083,243
244,002648.SZ,20190103,9.4514,9.5012,9.2325,9.2723,9.4116,-0.13930000000000042,-1.4801,38478.43,36114.28,9.5011,37648.034,9.9349,37484.075,10.0568,57266.7408,244
245,002648.SZ,20190104,9.2723,9.5012,9.0833,9.4614,9.2723,0.18909999999999982,2.0394,48973.95,45979.669,9.4832,39019.536,9.8946,38038.137,10.0254,56482.2575,245
246,002648.SZ,20190107,9.531,9.6603,9.4813,9.6404,9.4614,0.17900000000000027,1.8919,34437.0,33179.032,9.4812,37453.034,9.8668,37830.3435,10.016,55302.0242,246
247,002648.SZ,20190108,9.6404,9.6802,9.5807,9.6703,9.6404,0.029899999999999594,0.3102,25509.13,24733.347,9.4912,36906.252,9.8364,37194.54,10.0122,54026.7022,247
248,002648.SZ,20190109,9.6504,10.0284,9.6504,9.7101,9.6703,0.03980000000000139,0.4116,66752.09,66066.451,9.5509,42830.12,9.824,38728.696,10.0097,54157.5083,248
249,002648.SZ,20190110,9.7101,9.8394,9.7001,9.7499,9.7101,0.03979999999999961,0.4099,35350.62,34719.815,9.6464,42204.558,9.7976,38219.388,10.0153,54005.3912,249
250,002648.SZ,20190111,9.7499,9.929,9.7399,9.8394,9.7499,0.08949999999999925,0.918,41402.04,40973.922,9.722,40690.176,9.7772,38961.79,10.0153,53453.7707,250
251,002648.SZ,20190114,9.8494,9.9091,9.6504,9.73,9.8394,-0.10939999999999905,-1.1119,44328.47,43433.005,9.7399,42668.47,9.7489,39519.6135,10.0211,53344.2165,251
252,002648.SZ,20190115,9.7499,9.8991,9.7001,9.8693,9.73,0.13930000000000042,1.4317,47020.81,46361.543,9.7797,46970.806,9.723,38259.911,10.0261,53028.1367,252
253,002648.SZ,20190116,9.8792,10.0583,9.8295,9.9588,9.8693,0.08949999999999925,0.9069,39056.34,39095.689,9.8295,41431.656,9.7086,38711.383,10.02,52019.6778,253
254,002648.SZ,20190117,9.9588,10.1279,9.9488,10.0085,9.9588,0.04969999999999963,0.4991,47798.37,48312.963,9.8812,43921.206,9.7041,39103.748,10.0122,50856.8003,254
255,002648.SZ,20190118,10.0085,10.2871,9.9787,10.2871,10.0085,0.27860000000000085,2.7836,69288.63,70667.435,9.9707,49498.524,9.7245,40948.8905,10.0133,50591.9837,255
256,002648.SZ,20190121,10.2971,10.5955,10.2971,10.4861,10.2871,0.19899999999999984,1.9345,95815.38,100487.241,10.122,59795.906,9.7558,44675.0595,10.0206,50947.344,256
257,002648.SZ,20190122,10.4164,10.4662,10.2672,10.2971,10.4861,-0.18900000000000006,-1.8024,53068.22,55218.399,10.2075,61005.388,9.7907,44816.372,10.0264,50699.7505,257
258,002648.SZ,20190123,10.2971,10.4164,10.2075,10.3866,10.2971,0.08949999999999925,0.8692,37703.06,39172.61,10.2931,60734.732,9.8175,45406.4125,10.0367,50623.2125,258
259,002648.SZ,20190124,10.3667,10.4264,10.1478,10.1777,10.3866,-0.20889999999999986,-2.0112,47238.99,48585.546,10.3269,60622.856,9.8389,46099.1635,10.042,50548.0733,259
260,002648.SZ,20190125,10.2473,10.6453,10.2274,10.5458,10.1777,0.3681000000000001,3.6167,105499.65,111383.822,10.3787,67865.06,9.8887,49268.324,10.052,51584.2175,260
261,002648.SZ,20190128,10.5657,10.6552,10.3965,10.496,10.5458,-0.0497999999999994,-0.4722,57320.43,60666.529,10.3806,60166.07,9.9309,50020.87,10.0611,51331.157,261
262,002648.SZ,20190129,10.4761,10.6851,10.3468,10.5657,10.496,0.06969999999999921,0.6641,59351.81,62875.676,10.4344,61422.788,9.9782,51576.3085,10.0626,50723.6425,262
263,002648.SZ,20190130,10.5458,10.6055,10.1876,10.317,10.5657,-0.24869999999999948,-2.3538,58557.03,61238.056,10.4204,65593.582,10.0235,52647.5225,10.058,50532.856,263
264,002648.SZ,20190131,10.2175,10.5557,10.2175,10.3965,10.317,0.07949999999999946,0.7706,50859.72,53321.351,10.4642,66317.728,10.0797,53266.587,10.0553,50790.86,264
265,002648.SZ,20190201,10.4562,10.894,10.4562,10.7249,10.3965,0.32840000000000025,3.1588,91020.87,97809.36,10.5,63421.972,10.1429,55368.933,10.0578,51518.0005,265
266,002648.SZ,20190211,10.7249,11.2621,10.7249,11.2621,10.7249,0.5372000000000003,5.0089,94338.23,105285.171,10.6532,70825.532,10.2239,58363.9945,10.0716,52508.0753,266
267,002648.SZ,20190212,11.2422,11.5904,11.1029,11.5208,11.2621,0.25869999999999926,2.2971,91134.29,104557.523,10.8443,77182.028,10.3165,61645.2525,10.0928,53230.688,267
268,002648.SZ,20190213,11.5108,11.7197,11.4213,11.6103,11.5208,0.08950000000000102,0.7769,111424.1,129566.183,11.1029,87755.442,10.4115,63878.853,10.1057,53686.4415,268
269,002648.SZ,20190214,11.5705,11.869,11.4611,11.7396,11.6103,0.12929999999999886,1.1137,89420.58,105184.014,11.3715,95467.614,10.511,66582.351,10.1221,54030.3628,269
270,002648.SZ,20190215,11.6601,11.7197,11.481,11.5009,11.7396,-0.2386999999999997,-2.0333,64802.44,75461.574,11.5267,90223.928,10.594,67752.371,10.1414,52938.5228,270
271,002648.SZ,20190218,11.6402,12.6549,11.6103,12.6549,11.5009,1.154,10.034,165635.69,206570.155,11.8053,104483.42,10.7403,73817.732,10.1777,54556.8292,271
272,002648.SZ,20190219,12.7644,12.9136,12.456,12.7445,12.6549,0.08960000000000079,0.708,143749.26,183329.56,12.05,115006.414,10.884,78654.1545,10.2143,55501.7557,272
273,002648.SZ,20190220,12.7345,12.9832,12.4759,12.844,12.7445,0.09949999999999903,0.7807,99043.05,126763.819,12.2968,112530.204,11.0283,81653.49,10.2533,56022.1237,273
274,002648.SZ,20190221,12.7345,12.9335,12.5355,12.6052,12.844,-0.23879999999999946,-1.8592,107605.92,137922.364,12.4699,116167.272,11.1581,84643.8675,10.2914,56801.7698,274
275,002648.SZ,20190222,12.6251,13.2817,12.5952,13.1524,12.6052,0.5472000000000001,4.3411,104982.05,137832.851,12.8002,124203.194,11.3014,86428.5385,10.3453,57051.7205,275
276,002648.SZ,20190225,13.1325,13.6598,12.9037,13.6299,13.1524,0.47749999999999915,3.6305,191659.57,256147.547,12.9952,129407.97,11.4586,91220.748,10.4067,59591.9967,276
277,002648.SZ,20190226,13.5105,13.5603,13.2121,13.2618,13.6299,-0.3681000000000001,-2.7007,94381.12,126705.042,13.0987,119534.342,11.6068,93286.393,10.4685,60416.2038,277
278,002648.SZ,20190227,13.4409,13.4707,12.834,12.9733,13.2618,-0.2884999999999991,-2.1754,87773.81,115827.17,13.1245,117280.494,11.7362,95789.9305,10.5269,61186.4573,278
279,002648.SZ,20190228,13.0131,13.809,12.9335,13.5304,12.9733,0.5571000000000002,4.2942,112102.17,151829.201,13.3096,118179.744,11.9038,99033.0895,10.593,62706.4445,279
280,002648.SZ,20190301,13.5304,13.7692,13.1822,13.4011,13.5304,-0.12930000000000064,-0.9556,73404.23,98740.461,13.3593,111864.18,12.0466,97428.3185,10.6554,63454.5115,280
281,002648.SZ,20190304,13.5105,13.7891,13.2718,13.3912,13.4011,-0.00990000000000002,-0.0739,89834.4,122212.067,13.3116,91499.146,12.1913,99054.017,10.7215,64396.1272,281
282,002648.SZ,20190305,13.3613,13.8687,13.2917,13.8289,13.3912,0.4377000000000013,3.2686,100135.48,137664.185,13.425,92650.018,12.3545,101093.2005,10.7907,65570.5352,282
283,002648.SZ,20190306,13.809,13.9781,13.61,13.7394,13.8289,-0.08950000000000102,-0.6472,87972.14,121450.095,13.5782,92689.684,12.5256,102563.956,10.8476,64682.115,283
284,002648.SZ,20190307,13.7195,13.9582,13.5304,13.7493,13.7394,0.00990000000000002,0.0721,102011.5,141009.238,13.622,90671.55,12.6932,105121.545,10.9026,65290.7357,284
285,002648.SZ,20190308,13.4807,13.5901,12.9136,13.0827,13.7493,-0.666599999999999,-4.8482,100312.6,133429.646,13.5583,96053.224,12.8111,105586.1315,10.9495,66331.0672,285
286,002648.SZ,20190311,13.0628,13.6399,13.033,13.61,13.0827,0.5272999999999985,4.0305,107526.35,144258.132,13.6021,99591.614,12.9285,106245.5375,11.0064,67479.9585,286
287,002648.SZ,20190312,13.9383,14.4059,13.6299,14.0876,13.61,0.4776000000000007,3.5092,262715.36,369282.41,13.6538,132107.59,13.0569,114824.591,11.0699,71221.4612,287
288,002648.SZ,20190313,14.0179,14.2965,13.6797,13.7294,14.0876,-0.3582000000000001,-2.5427,132708.49,186264.76,13.6518,141054.86,13.1628,115888.8105,11.1328,72832.1198,288
289,002648.SZ,20190314,13.6498,13.9085,13.1524,13.2917,13.7294,-0.43769999999999953,-3.188,104334.32,140527.836,13.5603,141519.424,13.2404,116634.4975,11.183,73812.0788,289
290,002648.SZ,20190315,13.4508,13.5603,13.2419,13.5304,13.2917,0.2386999999999997,1.7959,106271.68,143154.919,13.6498,142711.24,13.3419,118707.9595,11.2377,75140.7068,290
291,002648.SZ,20190318,13.62,14.8238,13.5603,14.4358,13.5304,0.9054000000000002,6.6916,201048.36,287214.385,13.815,161415.642,13.431,120478.593,11.3067,77938.6462,291
292,002648.SZ,20190319,14.4457,14.5054,14.0478,14.1771,14.4358,-0.25870000000000104,-1.7921,112272.13,160533.541,13.8329,131326.996,13.5026,118904.7365,11.3699,78606.2673,292
293,002648.SZ,20190320,14.3064,14.3064,13.6996,13.8388,14.1771,-0.3382999999999985,-2.3862,123792.47,172901.243,13.8548,129543.792,13.5523,120142.2075,11.4297,80169.0268,293
294,002648.SZ,20190321,13.9483,14.207,13.8687,14.1075,13.8388,0.26869999999999905,1.9416,106260.88,150148.069,14.0179,129929.104,13.6274,120074.9555,11.4966,81274.1903,294
295,002648.SZ,20190322,14.2468,14.3263,13.809,14.1174,14.1075,0.00990000000000002,0.0702,88856.78,125448.398,14.1353,126446.124,13.6757,119268.692,11.5672,82215.3737,295
296,002648.SZ,20190325,13.9682,14.6248,13.6996,14.1473,14.1174,0.029899999999999594,0.2118,138221.49,198784.904,14.0776,113880.75,13.7016,116596.788,11.6387,84164.1985,296
297,002648.SZ,20190326,14.1771,14.3164,13.9284,13.9682,14.1473,-0.17910000000000004,-1.266,85048.25,120412.056,14.0358,108435.974,13.7369,116130.1445,11.7115,84744.3032,297
298,002648.SZ,20190327,14.0378,14.8835,13.9881,14.8039,13.9682,0.835700000000001,5.9829,199621.53,290436.176,14.2289,123601.786,13.8284,121722.5305,11.794,87639.6245,298
299,002648.SZ,20190328,14.774,14.9133,14.2865,14.3263,14.8039,-0.4776000000000007,-3.2262,121344.74,177538.245,14.2726,126618.558,13.8682,122184.659,11.8703,89105.6373,299
300,002648.SZ,20190329,14.4756,14.8039,14.0478,14.7044,14.3263,0.3780999999999999,2.6392,139567.27,203463.115,14.39,136760.656,13.9334,125492.811,11.9562,90729.8178,300
301,002648.SZ,20190401,14.6945,16.1768,14.6945,15.948,14.7044,1.2436000000000007,8.4573,278700.62,440807.839,14.7502,164856.482,14.0612,134936.122,12.0612,94670.3363,301
302,002648.SZ,20190402,15.948,16.6942,15.948,16.147,15.948,0.19899999999999807,1.2478,244487.49,399978.976,15.1859,196744.33,14.1771,142153.7225,12.1699,98274.4105,302
303,002648.SZ,20190403,15.9182,16.6345,15.7291,16.2166,16.147,0.06960000000000122,0.431,171663.01,279284.679,15.4685,191152.626,14.301,146338.266,12.2833,100516.5815,303
304,002648.SZ,20190404,17.709,17.8383,17.709,17.8383,16.2166,1.6217000000000006,10.0002,88575.03,158713.244,16.1709,184598.684,14.5054,145666.4425,12.4261,101351.5248,304
305,002648.SZ,20190408,19.6191,19.6191,19.6191,19.6191,17.8383,1.7807999999999993,9.983,41299.3,81442.219,17.1538,164945.09,14.8322,142715.7775,12.5954,101223.614,305
306,002648.SZ,20190409,20.8727,20.8727,18.4054,18.7834,19.6191,-0.8356999999999992,-4.2596,683959.88,1317308.843,17.7209,245996.942,15.0909,171537.454,12.7478,112048.9953,306
307,002648.SZ,20190410,18.6043,18.8033,17.51,17.8681,18.7834,-0.915300000000002,-4.8729,549298.88,1000389.795,18.0651,306959.22,15.2799,185866.63,12.8844,120778.8245,307
308,002648.SZ,20190411,17.6194,17.7587,16.923,17.1518,17.8681,-0.7162999999999968,-4.0088,321376.52,559849.816,18.2521,336901.922,15.4511,195300.0315,13.0085,125022.565,308
309,002648.SZ,20190412,17.0125,17.3209,16.7041,16.8036,17.1518,-0.34820000000000206,-2.0301,199450.02,340694.061,18.0452,359076.92,15.6267,200055.8165,13.126,127757.555,309
310,002648.SZ,20190415,17.7885,18.485,17.3906,17.51,16.8036,0.7064000000000021,4.2039,603246.44,1099142.997,17.6234,471466.348,15.8256,224904.5545,13.2539,137121.6283,310
311,002648.SZ,20190416,17.311,18.1268,17.0225,18.0472,17.51,0.5371999999999986,3.068,475441.4,846351.335,17.4761,429762.652,16.0062,238624.2065,13.3925,144306.8438,311
312,002648.SZ,20190417,17.8383,19.848,17.7189,19.848,18.0472,1.8007999999999988,9.9783,785115.02,1508513.938,17.8721,476925.88,16.2897,272266.351,13.5588,156608.414,312
313,002648.SZ,20190418,18.9028,21.8377,18.7038,20.7732,19.848,0.9252000000000002,4.6614,828144.74,1697832.329,18.5964,578279.524,16.6365,307483.9645,13.739,169759.8873,313
314,002648.SZ,20190419,20.3255,22.7331,19.6788,20.7533,20.7732,-0.019899999999999807,-0.0958,720694.42,1534205.461,19.3863,682528.404,16.9688,338205.6415,13.9181,180974.8215,314
315,002648.SZ,20190422,21.002,21.3602,19.5793,19.8877,20.7533,-0.8656000000000006,-4.1709,493762.28,1010418.916,19.8619,660631.572,17.2573,358450.9165,14.0781,188049.3823,315
316,002648.SZ,20190423,19.9872,20.2459,18.7138,18.7237,19.8877,-1.163999999999998,-5.8529,454771.51,879725.763,19.9972,656497.594,17.4861,374278.4175,14.2154,194031.9845,316
317,002648.SZ,20190424,18.9028,19.4401,18.8033,19.1018,18.7237,0.3780999999999999,2.0194,343064.87,658461.331,19.8479,568087.564,17.7428,387179.2485,14.3622,198865.262,317
318,002648.SZ,20190425,18.8133,18.8133,17.4702,17.5299,19.1018,-1.5718999999999994,-8.2291,411740.55,749554.431,19.1993,484806.726,17.8791,397785.1995,14.4812,205099.2202,318
319,002648.SZ,20190426,17.8781,18.0671,17.301,17.6592,17.5299,0.12929999999999708,0.7376,268554.67,479160.816,18.5805,394378.776,18.0457,405145.696,14.6059,208787.8148,319
320,002648.SZ,20190429,18.19,18.38,17.47,17.61,17.66,-0.05000000000000071,-0.2831,275289.06,492293.318,18.1249,350684.132,18.191,411931.7855,14.7236,211617.6383,320
321,002648.SZ,20190430,17.8,18.21,17.55,18.05,17.61,0.4400000000000013,2.4986,216262.04,387091.186,17.9902,302982.238,18.2961,408809.8565,14.8495,214266.6652,321
322,002648.SZ,20190506,16.73,16.91,16.25,16.25,18.05,-1.8000000000000007,-9.9723,164082.43,268958.038,17.4198,267185.75,18.3012,404789.6035,14.9443,216012.1755,322
323,002648.SZ,20190507,15.68,16.37,14.89,15.41,16.25,-0.8399999999999999,-5.1692,432123.01,672438.154,16.9958,271262.242,18.2609,417812.6035,15.0292,222238.2752,323
324,002648.SZ,20190508,14.98,15.57,14.8,15.06,15.41,-0.34999999999999964,-2.2713,299132.55,452924.551,16.476,277377.818,18.122,428340.4795,15.1069,226376.1557,324
325,002648.SZ,20190509,14.85,15.37,14.32,14.45,15.06,-0.6100000000000012,-4.0505,327187.12,486631.486,15.844,287757.43,17.8635,442634.8705,15.169,230312.2598,325
326,002648.SZ,20190510,15.1,15.9,14.9,15.9,14.45,1.450000000000001,10.0346,514694.08,800152.323,15.414,347443.838,17.7194,434171.5805,15.2463,237318.1907,326
327,002648.SZ,20190513,15.5,15.73,15.12,15.4,15.9,-0.5,-3.1447,323930.06,499446.271,15.244,379413.364,17.596,422903.1395,15.3109,241198.1202,327
328,002648.SZ,20190514,15.14,15.64,15.14,15.42,15.4,0.019999999999999574,0.1299,275732.65,425586.256,15.246,348135.292,17.5094,420620.946,15.3744,243936.596,328
329,002648.SZ,20190515,15.83,16.43,15.46,16.1,15.42,0.6800000000000015,4.4099,432773.91,688648.798,15.454,374863.564,17.4742,432287.1405,15.4471,249659.1515,329
330,002648.SZ,20190516,15.94,15.99,15.55,15.66,16.1,-0.4400000000000013,-2.7329,346741.25,545329.687,15.696,378774.39,17.3817,419461.881,15.5164,254358.1317,330
331,002648.SZ,20190517,15.6,15.7,14.72,14.72,15.66,-0.9399999999999995,-6.0026,305880.72,462682.598,15.46,337011.718,17.2153,410983.847,15.5508,256695.5488,331
332,002648.SZ,20190520,14.61,14.66,14.04,14.53,14.72,-0.19000000000000128,-1.2908,225725.27,323573.738,15.286,317370.76,16.9494,383014.3595,15.5806,258061.8157,332
333,002648.SZ,20190521,14.49,14.94,14.37,14.8,14.53,0.27000000000000135,1.8582,263185.29,386066.718,15.162,314861.288,16.6508,354766.387,15.6132,260797.5197,333
334,002648.SZ,20190522,14.71,14.91,14.26,14.58,14.8,-0.22000000000000064,-1.4865,218789.19,320717.679,14.858,272064.344,16.3421,329671.1255,15.6461,262650.5742,334
335,002648.SZ,20190523,14.51,14.51,14.05,14.12,14.58,-0.46000000000000085,-3.155,186085.66,265312.277,14.55,239933.226,16.0537,314287.2945,15.6622,264002.301,335
336,002648.SZ,20190524,14.2,14.45,14.05,14.08,14.12,-0.03999999999999915,-0.2833,193388.73,274650.621,14.422,217434.828,15.8215,301218.1555,15.6697,264031.1203,336
337,002648.SZ,20190527,14.11,14.59,14.0,14.5,14.08,0.41999999999999993,2.983,224012.8,320871.779,14.416,217092.334,15.5915,295265.552,15.6904,266191.6483,337
338,002648.SZ,20190528,14.5,14.68,14.31,14.38,14.5,-0.11999999999999922,-0.8276,197301.33,285315.468,14.332,203915.542,15.434,284543.591,15.7138,268017.107,338
339,002648.SZ,20190529,14.23,14.47,14.23,14.39,14.38,0.009999999999999787,0.0695,132900.16,191271.389,14.294,186737.736,15.2705,277760.8655,15.7281,268363.7402,339
340,002648.SZ,20190530,14.43,14.45,13.81,14.05,14.39,-0.33999999999999986,-2.3628,184564.24,259958.123,14.28,186433.452,15.0925,273224.6245,15.739,270216.407,340
341,002648.SZ,20190531,13.79,14.23,13.77,13.89,14.05,-0.16000000000000014,-1.1388,163715.8,229760.958,14.242,180498.866,14.8845,270597.3125,15.7473,271447.7637,341
342,002648.SZ,20190603,13.83,13.96,13.28,13.3,13.89,-0.5899999999999999,-4.2477,176149.44,238426.975,14.002,170926.194,14.737,271200.663,15.7385,272714.663,342
343,002648.SZ,20190604,13.4,13.65,13.21,13.33,13.3,0.02999999999999936,0.2256,143477.5,192296.05,13.792,160161.428,14.633,256768.3875,15.7316,273639.7523,343
344,002648.SZ,20190605,13.58,13.59,12.9,13.11,13.33,-0.22000000000000064,-1.6504,150487.29,198355.105,13.536,163678.854,14.5355,249336.1245,15.721,274447.6822,344
345,002648.SZ,20190606,13.19,13.22,12.85,12.88,13.11,-0.22999999999999865,-1.7544,99614.18,129311.508,13.302,146688.842,14.457,237957.4775,15.7176,274436.0418,345
346,002648.SZ,20190610,12.9,13.17,12.58,13.16,12.88,0.27999999999999936,2.1739,136085.84,175650.197,13.156,141162.85,14.32,219027.0655,15.7101,274912.0333,346
347,002648.SZ,20190611,13.1,14.05,12.93,13.99,13.16,0.8300000000000001,6.307,224168.53,306220.603,13.294,150766.668,14.2495,214038.989,15.7085,274269.5862,347
348,002648.SZ,20190612,13.93,14.34,13.81,13.9,13.99,-0.08999999999999986,-0.6433,202822.26,286273.065,13.408,162635.62,14.1735,210393.4695,15.7113,275438.149,348
349,002648.SZ,20190613,13.84,14.58,13.73,14.29,13.9,0.3899999999999988,2.8058,205310.11,292423.986,13.644,173600.184,14.083,199020.2795,15.7279,277121.0788,349
350,002648.SZ,20190614,14.27,14.27,13.45,13.5,14.29,-0.7899999999999991,-5.5283,191877.51,265838.521,13.768,192052.85,13.975,191277.0925,15.7274,278547.8427,350
351,002648.SZ,20190617,13.55,13.83,13.33,13.56,13.5,0.0600000000000005,0.4444,118878.87,161549.811,13.848,188611.456,13.917,181927.0,15.7128,277178.3512,351
352,002648.SZ,20190618,13.59,13.68,13.35,13.39,13.56,-0.16999999999999993,-1.2537,72588.26,97901.083,13.728,158295.402,13.86,174270.1495,15.6997,276516.9533,352
353,002648.SZ,20190619,14.3,14.38,13.9,13.93,13.39,0.5399999999999991,4.0329,202384.17,285111.259,13.734,158207.784,13.8165,171230.0935,15.7012,277826.815,353
354,002648.SZ,20190620,13.93,14.44,13.87,14.31,13.93,0.3800000000000008,2.7279,204084.05,289384.368,13.738,157962.572,13.803,170494.8365,15.7046,279457.2012,354
355,002648.SZ,20190621,14.42,14.58,14.05,14.22,14.31,-0.08999999999999986,-0.6289,166068.3,237703.416,13.882,152800.73,13.808,169493.9685,15.7063,280744.0598,355
356,002648.SZ,20190624,14.25,14.35,13.9,14.33,14.22,0.10999999999999943,0.7736,133761.8,190269.689,14.036,155777.316,13.8205,166512.622,15.7094,280669.7317,356
357,002648.SZ,20190625,14.29,14.29,13.6,13.76,14.33,-0.5700000000000003,-3.9777,168247.14,233190.705,14.11,174909.092,13.7835,163724.339,15.7059,282056.3798,357
358,002648.SZ,20190626,13.63,13.96,13.58,13.82,13.76,0.0600000000000005,0.436,86586.37,119888.868,14.088,151749.532,13.7555,158188.591,15.6895,280172.4605,358
359,002648.SZ,20190627,13.92,15.09,13.88,14.71,13.82,0.8900000000000006,6.4399,342102.05,497585.539,14.168,179353.132,13.7715,168648.6855,15.6959,283851.749,359
360,002648.SZ,20190628,14.79,15.08,14.52,14.88,14.71,0.16999999999999993,1.1557,218314.8,322714.045,14.3,189802.432,13.813,170336.2135,15.6988,285164.2078,360
361,002648.SZ,20190701,15.39,15.83,15.23,15.46,14.88,0.5800000000000001,3.8978,317762.25,491668.148,14.526,226602.522,13.8915,178038.536,15.6907,285815.235,361
362,002648.SZ,20190702,15.5,15.97,15.4,15.86,15.46,0.3999999999999986,2.5873,240498.26,378644.683,14.946,241052.746,14.0195,181255.977,15.6859,285748.7478,362
363,002648.SZ,20190703,15.61,15.65,15.18,15.22,15.86,-0.6399999999999988,-4.0353,163963.54,251878.435,15.226,256528.18,14.114,182280.279,15.6693,285620.4233,363
364,002648.SZ,20190704,15.2,15.59,15.06,15.25,15.22,0.02999999999999936,0.1971,122029.7,186667.475,15.334,212513.71,14.221,180857.3995,15.6262,286178.0012,364
365,002648.SZ,20190705,15.26,15.28,15.0,15.18,15.25,-0.07000000000000028,-0.459,84240.69,127732.797,15.394,185698.888,14.336,180088.725,15.5522,286893.691,365
366,002648.SZ,20190708,15.06,15.17,14.61,14.7,15.18,-0.4800000000000004,-3.1621,125787.19,186331.398,15.242,147303.876,14.413,179573.7925,15.4841,277590.8128,366
367,002648.SZ,20190709,14.71,15.2,14.61,15.1,14.7,0.40000000000000036,2.7211,143911.96,214448.187,15.09,127986.616,14.4685,175560.964,15.438,270834.3642,367
368,002648.SZ,20190710,15.0,15.0,14.48,14.53,15.1,-0.5700000000000003,-3.7748,127341.1,187546.544,14.952,120662.128,14.5,171786.906,15.3943,267600.4405,368
369,002648.SZ,20190711,14.65,15.07,14.59,14.68,14.53,0.15000000000000036,1.0323,139395.66,206485.824,14.838,124135.32,14.5195,168491.1835,15.3589,266599.5345,369
370,002648.SZ,20190712,14.81,15.11,14.71,14.88,14.68,0.20000000000000107,1.3624,120735.93,180035.851,14.778,131434.368,14.5885,164934.1045,15.3151,258557.6927,370
371,002648.SZ,20190715,14.76,15.24,14.6,15.17,14.88,0.28999999999999915,1.9489,155974.11,234039.711,14.872,137471.752,14.669,166788.8665,15.2671,253233.2378,371
372,002648.SZ,20190716,15.15,15.32,14.94,15.26,15.17,0.08999999999999986,0.5933,126261.63,191253.752,14.904,133941.686,14.7625,169472.535,15.1906,242252.348,372
373,002648.SZ,20190717,14.9,14.9,13.89,14.07,15.26,-1.1899999999999995,-7.7982,360136.85,514902.075,14.812,180500.836,14.7695,177360.169,15.0789,234452.2165,373
374,002648.SZ,20190718,14.02,14.02,13.57,13.61,14.07,-0.46000000000000085,-3.2694,137916.76,189432.427,14.598,180205.056,14.7345,174051.8045,14.9599,224739.2555,374
375,002648.SZ,20190719,13.61,13.98,13.61,13.77,13.61,0.16000000000000014,1.1756,101308.53,140376.053,14.376,176319.576,14.712,170813.816,14.8579,218198.3597,375
376,002648.SZ,20190722,13.78,13.89,13.37,13.46,13.77,-0.3099999999999987,-2.2513,81106.6,109894.597,14.034,161346.074,14.6685,168181.056,14.7702,211970.6112,376
377,002648.SZ,20190723,13.41,13.57,13.41,13.56,13.46,0.09999999999999964,0.7429,49238.0,66492.17,13.694,145941.348,14.6585,162230.599,14.6778,207073.4967,377
378,002648.SZ,20190724,13.65,13.95,13.64,13.8,13.56,0.2400000000000002,1.7699,87602.93,120980.359,13.64,91434.564,14.6575,162281.427,14.6157,201671.203,378
379,002648.SZ,20190725,13.78,13.88,13.65,13.76,13.8,-0.040000000000000924,-0.2899,69780.5,96137.645,13.67,77807.312,14.61,148665.3495,14.5507,198358.3002,379
380,002648.SZ,20190726,13.73,13.97,13.71,13.95,13.76,0.1899999999999995,1.3808,75578.21,105008.029,13.706,72661.248,14.5635,141528.52,14.4897,195029.786,380
381,002648.SZ,20190729,14.04,14.34,13.93,14.32,13.95,0.370000000000001,2.6523,104542.88,148051.326,13.878,77348.504,14.5065,130867.5515,14.4275,193167.8,381
382,002648.SZ,20190730,14.39,14.47,14.18,14.39,14.32,0.07000000000000028,0.4888,107716.67,154589.517,14.044,89044.238,14.433,124228.472,14.3965,192228.3707,382
383,002648.SZ,20190731,14.38,14.38,13.9,13.98,14.39,-0.41000000000000014,-2.8492,112695.0,158347.627,14.08,94062.652,14.371,121665.045,14.3727,186904.5705,383
384,002648.SZ,20190801,13.81,14.25,13.77,14.2,13.98,0.21999999999999886,1.5737,91651.05,129390.0,14.168,98436.762,14.3185,120146.1125,14.3583,183446.5455,384
385,002648.SZ,20190802,13.7,13.95,13.56,13.75,14.2,-0.4499999999999993,-3.169,126329.51,173202.591,14.128,108587.022,14.247,122250.5535,14.3467,180098.9187,385
386,002648.SZ,20190805,13.62,13.93,13.5,13.53,13.75,-0.22000000000000064,-1.6,97240.1,133661.401,13.97,107126.466,14.1885,120823.199,14.3072,173141.3523,386
387,002648.SZ,20190806,13.24,13.24,12.62,13.07,13.53,-0.4599999999999991,-3.3999,148767.3,192897.162,13.706,115336.592,14.087,121065.966,14.2683,170221.973,387
388,002648.SZ,20190807,13.1,13.24,12.82,12.89,13.07,-0.17999999999999972,-1.3772,78824.25,102459.093,13.488,108562.442,14.005,118640.1235,14.2262,166940.1663,388
389,002648.SZ,20190808,12.86,12.98,12.33,12.59,12.89,-0.3000000000000007,-2.3274,220189.99,277851.527,13.166,134270.23,13.9005,122679.84,14.1677,163397.101,389
390,002648.SZ,20190809,12.64,12.75,12.31,12.48,12.59,-0.10999999999999943,-0.8737,178560.06,224031.853,12.912,144716.34,13.7805,125571.0465,14.1147,160594.0812,390
391,002648.SZ,20190812,12.45,12.64,12.32,12.62,12.48,0.1399999999999988,1.1218,108470.79,135173.694,12.73,146962.478,13.653,123195.8805,14.0797,157303.9157,391
392,002648.SZ,20190813,12.58,12.58,12.35,12.38,12.62,-0.23999999999999844,-1.9017,81189.1,100858.312,12.592,133446.838,13.509,120942.254,14.0438,154894.9795,392
393,002648.SZ,20190814,12.6,12.67,12.42,12.44,12.38,0.05999999999999872,0.4847,96006.33,120273.757,12.502,136883.254,13.4275,107735.728,14.0045,152108.6635,393
394,002648.SZ,20190815,11.96,12.42,11.95,12.38,12.44,-0.05999999999999872,-0.4823,111321.85,135416.051,12.46,115109.626,13.366,106405.9825,13.9678,150317.5412,394
395,002648.SZ,20190816,12.43,12.51,12.34,12.35,12.38,-0.030000000000001137,-0.2423,105639.16,131256.582,12.434,100525.446,13.295,106622.514,13.9383,148976.7662,395
396,002648.SZ,20190819,12.5,12.9,12.3,12.79,12.35,0.4399999999999995,3.5628,233444.53,294463.651,12.468,125520.194,13.2615,114239.4105,13.9168,149644.3628,396
397,002648.SZ,20190820,12.83,12.89,12.66,12.72,12.79,-0.06999999999999851,-0.5473,124131.99,158591.867,12.536,134108.772,13.2195,117984.11,13.8872,147979.6827,397
398,002648.SZ,20190821,12.76,13.05,12.76,12.85,12.72,0.129999999999999,1.022,141124.79,182230.112,12.618,143132.464,13.172,120660.203,13.8617,147043.407,398
399,002648.SZ,20190822,12.92,12.97,12.7,12.81,12.85,-0.03999999999999915,-0.3113,80373.05,102682.207,12.704,136942.704,13.1245,121189.8305,13.8353,146167.9552,399
400,002648.SZ,20190823,12.86,12.89,12.54,12.58,12.81,-0.23000000000000043,-1.7955,103374.13,131062.438,12.75,136489.698,13.056,122579.6265,13.8108,144814.7867,400
401,002648.SZ,20190826,12.14,12.44,12.08,12.28,12.58,-0.3000000000000007,-2.3847,148486.25,181769.521,12.648,119498.042,12.954,124776.795,13.784,144560.9608,401
402,002648.SZ,20190827,12.38,13.36,12.38,13.2,12.28,0.9199999999999999,7.4919,317244.23,412399.133,12.744,158120.49,12.8945,135253.173,13.7823,146912.5407,402
403,002648.SZ,20190828,13.19,13.27,12.93,13.17,13.2,-0.02999999999999936,-0.2273,183955.44,241582.561,12.808,166686.62,12.854,138816.195,13.7797,147587.173,403
404,002648.SZ,20190829,13.16,13.28,13.03,13.06,13.17,-0.10999999999999943,-0.8352,108821.18,143002.072,12.858,172376.246,12.797,139674.7015,13.7788,146892.7378,404
405,002648.SZ,20190830,13.16,13.21,12.58,12.61,13.06,-0.45000000000000107,-3.4456,142724.66,183502.296,12.864,180246.352,12.74,140494.459,13.7743,147611.2458,405
406,002648.SZ,20190902,12.77,13.16,12.59,13.02,12.61,0.41000000000000014,3.2514,126580.52,163479.884,13.012,175865.206,12.7145,141961.48,13.772,147452.8238,406
407,002648.SZ,20190903,13.09,13.16,12.89,13.13,13.02,0.11000000000000121,0.8449,115384.3,150402.63,12.998,135493.22,12.7175,140292.33,13.7577,145639.7533,407
408,002648.SZ,20190904,13.05,13.47,13.01,13.44,13.13,0.3099999999999987,2.361,192458.64,255424.774,13.052,137193.86,12.745,145974.0495,13.75,145467.0263,408
409,002648.SZ,20190905,13.6,14.03,13.44,13.66,13.44,0.22000000000000064,1.6369,276188.7,381078.06,13.172,170667.364,12.7985,148773.985,13.7395,146648.3362,409
410,002648.SZ,20190906,13.71,14.16,13.63,14.03,13.66,0.3699999999999992,2.7086,194696.28,272283.675,13.456,181061.688,12.876,149580.796,13.7483,146695.3157,410
411,002648.SZ,20190909,14.1,14.3,13.92,14.18,14.03,0.15000000000000036,1.0691,150536.91,212174.314,13.688,185852.966,12.954,151684.102,13.7587,147222.9497,411
412,002648.SZ,20190910,14.25,14.25,13.83,13.94,14.18,-0.2400000000000002,-1.6925,132189.81,184418.43,13.85,189214.068,13.032,154234.1375,13.7678,148216.3088,412
413,002648.SZ,20190911,13.98,14.33,13.9,14.18,13.94,0.2400000000000002,1.7217,211026.97,299318.665,13.998,192927.734,13.119,159985.1695,13.772,148360.3555,413
414,002648.SZ,20190912,14.14,14.14,13.77,13.96,14.18,-0.21999999999999886,-1.5515,148270.98,206403.458,14.058,167344.19,13.198,161832.626,13.7662,147430.1377,414
415,002648.SZ,20190916,14.33,14.62,13.9,14.0,13.96,0.03999999999999915,0.2865,226904.77,322923.254,14.052,173785.888,13.2805,167895.9065,13.7625,148444.0788,415
416,002648.SZ,20190917,14.02,14.02,13.61,13.82,14.0,-0.17999999999999972,-1.2857,159321.92,219447.72,13.98,175542.89,13.332,164189.776,13.754,148870.0808,416
417,002648.SZ,20190918,13.7,13.7,13.39,13.46,13.82,-0.35999999999999943,-2.6049,142128.53,191992.141,13.884,177530.634,13.369,165089.603,13.749,148434.7707,417
418,002648.SZ,20190919,13.5,13.56,13.03,13.21,13.46,-0.25,-1.8574,218805.01,289097.955,13.69,179086.242,13.387,168973.614,13.7388,150638.4147,418
419,002648.SZ,20190920,13.3,13.46,13.15,13.26,13.21,0.049999999999998934,0.3785,119482.31,158666.426,13.55,173328.508,13.4095,170929.077,13.7147,146928.0857,419
420,002648.SZ,20190923,13.12,13.28,12.91,13.23,13.26,-0.02999999999999936,-0.2262,131016.51,171721.775,13.396,154150.856,13.442,172311.196,13.6872,145473.1142,420
421,002648.SZ,20190924,13.23,13.42,13.13,13.2,13.23,-0.030000000000001137,-0.2268,107057.18,142030.014,13.272,143697.908,13.488,170239.7425,13.6495,141961.363,421
422,002648.SZ,20190925,13.17,13.17,12.72,12.79,13.2,-0.41000000000000014,-3.1061,130663.28,167966.668,13.138,141404.858,13.4675,160910.695,13.5983,140130.78,422
423,002648.SZ,20190926,12.85,12.97,12.5,12.56,12.79,-0.22999999999999865,-1.7983,91618.48,116637.942,13.008,115967.552,13.437,156293.847,13.554,138925.029,423
424,002648.SZ,20190927,12.61,12.72,12.52,12.64,12.56,0.08000000000000007,0.6369,58190.45,73494.789,12.884,103709.18,13.416,153762.3105,13.5105,137861.0415,424
425,002648.SZ,20190930,12.55,12.69,12.4,12.43,12.64,-0.21000000000000085,-1.6614,81508.49,102467.313,12.724,93807.576,13.407,150701.502,13.4647,137815.5048,425
426,002648.SZ,20191008,12.59,12.62,12.4,12.52,12.43,0.08999999999999986,0.7241,73021.57,91495.84,12.588,87000.454,13.382,148023.5545,13.4283,136936.0778,426
427,002648.SZ,20191009,12.38,12.6,12.24,12.58,12.52,0.0600000000000005,0.4792,64231.84,79752.187,12.546,73714.166,13.3545,145465.9315,13.3863,135608.0758,427
428,002648.SZ,20191010,12.6,12.75,12.55,12.66,12.58,0.08000000000000007,0.6359,73236.45,92741.672,12.566,70037.76,13.3155,139504.822,13.3552,134706.3317,428
429,002648.SZ,20191011,12.72,13.09,12.66,13.04,12.66,0.379999999999999,3.0016,154416.11,199341.933,12.646,89282.892,13.2845,133416.1925,13.3278,134956.6725,429
430,002648.SZ,20191014,13.29,13.6,13.2,13.54,13.04,0.5,3.8344,278903.58,375793.982,12.868,128761.91,13.26,137626.5575,13.3055,137592.8,430
431,002648.SZ,20191015,13.58,13.63,13.36,13.59,13.54,0.05000000000000071,0.3693,154522.26,208721.36,13.082,145062.048,13.2305,137825.825,13.2792,137568.6025,431
432,002648.SZ,20191016,13.65,13.67,13.34,13.37,13.59,-0.22000000000000064,-1.6188,99253.41,133608.464,13.24,152066.362,13.202,136179.005,13.2477,137118.4655,432
433,002648.SZ,20191017,13.3,13.54,13.18,13.24,13.37,-0.129999999999999,-0.9723,91981.79,122342.17,13.356,155815.43,13.155,130226.746,13.2338,132649.2145,433
434,002648.SZ,20191018,13.34,13.5,13.02,13.13,13.24,-0.10999999999999943,-0.8308,111427.18,147483.402,13.374,147217.644,13.1135,128384.556,13.2258,132207.7215,434
435,002648.SZ,20191021,13.12,13.29,13.02,13.19,13.13,0.05999999999999872,0.457,74808.81,98433.858,13.304,106398.69,13.073,120779.758,13.2162,131766.0595,435
436,002648.SZ,20191022,13.19,13.35,13.06,13.22,13.19,0.030000000000001137,0.2274,68715.92,90675.765,13.23,89237.422,13.043,116249.458,13.2122,131559.5482,436
437,002648.SZ,20191023,13.22,13.32,13.0,13.0,13.22,-0.22000000000000064,-1.6641,65337.31,85755.232,13.156,82454.202,13.02,112409.897,13.2028,131827.87,437
438,002648.SZ,20191024,13.08,13.08,12.68,12.84,13.0,-0.16000000000000014,-1.2308,77996.72,99942.467,13.076,79657.188,13.0015,105369.4825,13.1868,131667.7665,438
439,002648.SZ,20191025,12.81,13.33,12.74,13.33,12.84,0.4900000000000002,3.8162,103544.6,135575.546,13.116,78080.672,13.005,104572.597,13.1797,132230.5015,439
440,002648.SZ,20191028,13.3,13.49,13.15,13.49,13.33,0.16000000000000014,1.2003,113545.51,151849.842,13.176,85828.012,13.018,103699.047,13.172,132863.2898,440
441,002648.SZ,20191029,13.48,13.58,13.33,13.38,13.49,-0.10999999999999943,-0.8154,88262.83,118477.433,13.208,89737.394,13.027,102759.3295,13.1563,132591.9557,441
442,002648.SZ,20191030,13.2,13.54,13.2,13.53,13.38,0.14999999999999858,1.1211,107837.09,144572.147,13.314,98237.35,13.064,101618.02,13.142,132593.9627,442
443,002648.SZ,20191031,13.56,13.56,13.21,13.27,13.53,-0.2599999999999998,-1.9217,86251.49,115189.198,13.4,99888.304,13.0995,101349.6705,13.1302,132153.2375,443
444,002648.SZ,20191101,13.23,13.94,13.18,13.92,13.27,0.6500000000000004,4.8983,207805.23,283355.377,13.518,120740.43,13.1635,108830.4095,13.1255,134089.1405,444
445,002648.SZ,20191104,13.99,14.05,13.63,13.76,13.92,-0.16000000000000014,-1.1494,177154.79,244224.734,13.572,133462.286,13.23,113612.7245,13.1257,134936.2285,445
446,002648.SZ,20191105,13.75,13.93,13.51,13.77,13.76,0.009999999999999787,0.0727,190558.48,261434.108,13.65,153921.416,13.2925,119489.57,13.1297,136491.5348,446
447,002648.SZ,20191106,13.77,14.21,13.7,14.04,13.77,0.2699999999999996,1.9608,243974.07,342292.891,13.752,181148.812,13.3655,128476.6815,13.1458,138078.3143,447
448,002648.SZ,20191107,14.05,14.21,13.9,14.1,14.04,0.0600000000000005,0.4274,138501.64,194537.56,13.918,191598.842,13.4375,131739.941,13.166,139072.9375,448
449,002648.SZ,20191108,14.19,14.43,13.88,13.88,14.1,-0.21999999999999886,-1.5603,155073.76,219802.475,13.91,181052.548,13.4795,131772.8235,13.1875,137987.667,449
450,002648.SZ,20191111,13.73,13.75,13.24,13.29,13.88,-0.5900000000000016,-4.2507,158665.79,213084.679,13.816,177354.748,13.467,125760.934,13.201,137656.0958,450
451,002648.SZ,20191112,13.28,13.37,12.96,13.21,13.29,-0.0799999999999983,-0.602,90336.09,118873.35,13.704,157310.27,13.448,122551.6255,13.2108,137353.8508,451
452,002648.SZ,20191113,13.18,13.36,13.09,13.13,13.21,-0.08000000000000007,-0.6056,65358.54,86470.342,13.522,121587.164,13.436,120856.882,13.2233,137090.0082,452
453,002648.SZ,20191114,13.09,13.24,13.0,13.18,13.13,0.049999999999998934,0.3808,74696.05,98080.117,13.338,108826.046,13.433,119992.595,13.2357,136734.8368,453
454,002648.SZ,20191115,13.17,13.33,12.99,13.04,13.18,-0.14000000000000057,-1.0622,104398.8,137286.964,13.17,98691.054,13.4285,119641.176,13.2467,136619.4527,454
455,002648.SZ,20191118,13.08,14.15,13.08,13.9,13.04,0.8600000000000012,6.5951,268115.59,368287.392,13.292,120581.014,13.464,129306.515,13.2725,139327.3932,455
456,002648.SZ,20191119,13.93,14.0,13.8,13.91,13.9,0.009999999999999787,0.0719,174223.2,241930.305,13.432,137358.436,13.4985,134581.879,13.2912,138340.371,456
457,002648.SZ,20191120,13.9,14.04,13.8,13.93,13.91,0.019999999999999574,0.1438,166831.24,232209.529,13.592,157652.976,13.545,139656.5755,13.3113,139052.0252,457
458,002648.SZ,20191121,13.94,14.22,13.86,14.1,13.93,0.16999999999999993,1.2204,188515.14,265169.865,13.776,180416.794,13.608,145182.4965,13.3322,139841.8643,458
459,002648.SZ,20191122,14.22,14.35,13.77,13.86,14.1,-0.2400000000000002,-1.7021,138574.46,193912.775,13.94,187251.926,13.6345,146933.9895,13.3497,140811.8878,459
460,002648.SZ,20191125,13.92,14.62,13.91,14.44,13.86,0.5800000000000001,4.1847,330195.63,474715.627,14.048,199667.934,13.682,157766.4955,13.3807,144592.2462,460
461,002648.SZ,20191126,14.47,14.56,14.23,14.23,14.44,-0.20999999999999908,-1.4543,148961.1,213625.282,14.112,194615.514,13.7245,160801.409,13.4132,144600.1603,461
462,002648.SZ,20191127,14.18,14.54,14.01,14.29,14.23,0.05999999999999872,0.4216,165500.49,236702.541,14.184,194349.364,13.7625,163684.579,13.4313,142071.098,462
463,002648.SZ,20191128,14.28,14.76,14.21,14.44,14.29,0.15000000000000036,1.0497,163245.04,236742.107,14.252,189295.344,13.821,167534.2565,13.4525,141725.9247,463
464,002648.SZ,20191129,14.45,14.87,14.31,14.86,14.44,0.41999999999999993,2.9086,210451.97,307944.825,14.452,203670.846,13.868,167666.5935,13.4825,143419.7712,464
465,002648.SZ,20191202,14.9,14.99,14.6,14.81,14.86,-0.049999999999998934,-0.3365,189544.11,280190.426,14.526,175540.542,13.9205,168286.0595,13.5192,144200.0953,465
466,002648.SZ,20191203,14.67,15.35,14.65,15.33,14.81,0.5199999999999996,3.5111,189636.4,286667.877,14.746,183675.602,13.9985,168239.9555,13.5577,145251.0267,466
467,002648.SZ,20191204,15.17,15.65,15.02,15.18,15.33,-0.15000000000000036,-0.9785,199261.0,304969.902,14.924,190427.704,14.0555,166004.302,13.5918,146648.9717,467
468,002648.SZ,20191205,15.28,15.46,15.01,15.13,15.18,-0.049999999999998934,-0.3294,180889.83,274594.454,15.062,193956.662,14.107,168123.7115,13.62,146456.1582,468
469,002648.SZ,20191206,15.13,15.18,14.85,15.06,15.13,-0.07000000000000028,-0.4627,133482.1,200122.696,15.102,178562.688,14.166,167044.1285,13.6433,144077.7148,469
470,002648.SZ,20191209,15.1,15.18,14.85,15.09,15.06,0.02999999999999936,0.1992,144576.36,217203.715,15.158,169569.138,14.256,166339.657,13.661,143242.3828,470
471,002648.SZ,20191210,15.09,15.33,14.95,15.26,15.09,0.16999999999999993,1.1266,154365.01,233784.507,15.144,162514.86,14.3585,169541.103,13.679,143306.1845,471
472,002648.SZ,20191211,15.17,15.25,14.69,14.72,15.26,-0.5399999999999991,-3.5387,175504.78,261561.316,15.052,157763.616,14.438,175048.415,13.692,144028.1007,472
473,002648.SZ,20191212,14.69,14.99,14.61,14.79,14.72,0.06999999999999851,0.4755,117091.09,173929.669,14.984,145003.868,14.5185,177168.167,13.7022,142462.5027,473
474,002648.SZ,20191213,15.35,16.22,15.23,15.93,14.79,1.1400000000000006,7.7079,342074.0,539999.801,15.158,186722.248,14.663,189051.927,13.735,145692.553,474
475,002648.SZ,20191216,16.17,16.54,16.05,16.48,15.93,0.5500000000000007,3.4526,259809.93,424781.657,15.436,209768.962,14.792,188636.644,13.7763,146240.9723,475
476,002648.SZ,20191217,16.45,16.59,16.23,16.23,16.48,-0.25,-1.517,194858.14,318610.703,15.63,217867.588,14.908,189668.391,13.8165,146833.2427,476
477,002648.SZ,20191218,16.29,16.63,15.97,16.07,16.23,-0.16000000000000014,-0.9858,167481.01,271500.346,15.9,216262.834,15.015,189700.8795,13.86,147255.784,477
478,002648.SZ,20191219,16.17,16.44,15.98,16.3,16.07,0.23000000000000043,1.4312,136602.67,222130.494,16.202,220165.15,15.125,187105.256,13.9115,145885.745,478
479,002648.SZ,20191220,16.31,16.38,15.9,15.97,16.3,-0.33000000000000007,-2.0245,114952.28,184473.416,16.21,174740.806,15.2305,185924.147,13.9567,145810.2445,479
480,002648.SZ,20191223,15.9,16.12,15.66,15.73,15.97,-0.2400000000000002,-1.5028,174472.5,276964.443,16.06,157673.32,15.295,178137.9905,13.9983,146534.511,480
481,002648.SZ,20191224,15.83,16.0,15.71,15.95,15.73,0.21999999999999886,1.3986,81757.99,129721.144,16.004,135053.29,15.381,174777.835,14.0442,146112.8578,481
482,002648.SZ,20191225,15.99,16.04,15.59,15.72,15.95,-0.22999999999999865,-1.442,116275.62,183187.015,15.934,124812.212,15.4525,172316.5915,14.093,145873.0635,482
483,002648.SZ,20191226,15.6,16.03,15.6,15.93,15.72,0.20999999999999908,1.3359,113049.13,179394.555,15.86,120101.504,15.527,169806.796,14.1492,146230.241,483
484,002648.SZ,20191227,16.0,16.19,15.7,15.89,15.93,-0.03999999999999915,-0.2511,136004.83,216615.003,15.844,124312.014,15.5785,166084.439,14.2033,147527.1473,484
485,002648.SZ,20191230,15.91,16.55,15.8,16.5,15.89,0.6099999999999994,3.8389,170848.74,277803.753,15.998,123587.262,15.663,165149.6705,14.2712,149016.1515,485
486,002648.SZ,20191231,16.54,16.77,16.24,16.35,16.5,-0.14999999999999858,-0.9091,122717.63,201415.049,16.078,131779.19,15.714,161803.732,14.335,149844.4192,486
487,002648.SZ,20200102,16.49,17.29,16.41,17.09,16.35,0.7399999999999984,4.526,186882.37,317597.198,16.352,145900.54,15.8095,161184.8005,14.4102,151888.5947,487
488,002648.SZ,20200103,17.04,17.55,16.93,17.3,17.09,0.21000000000000085,1.2288,155717.97,269223.409,16.626,154434.308,15.918,159926.2075,14.4875,153263.2867,488
489,002648.SZ,20200106,17.52,17.7,16.98,17.2,17.3,-0.10000000000000142,-0.578,193040.49,335645.34,16.888,165841.44,16.025,162904.127,14.5568,153907.0263,489
490,002648.SZ,20200107,17.2,17.26,17.03,17.22,17.2,0.019999999999999574,0.1163,87533.95,149959.354,17.032,149178.482,16.1315,160052.0065,14.6182,150717.5325,490
491,002648.SZ,20200108,17.11,17.17,16.79,16.8,17.22,-0.41999999999999815,-2.439,129137.42,218853.55,17.122,150462.44,16.2085,158790.627,14.6717,150294.4518,491
492,002648.SZ,20200109,16.95,17.27,16.84,16.97,16.8,0.16999999999999815,1.0119,93405.96,158990.951,17.098,131767.158,16.321,154685.686,14.7317,150196.9943,492
493,002648.SZ,20200110,17.06,17.1,16.69,16.88,16.97,-0.08999999999999986,-0.5303,79383.89,133918.801,17.014,116500.342,16.4255,152800.326,14.7923,149987.0293,493
494,002648.SZ,20200113,16.88,17.21,16.52,17.21,16.88,0.33000000000000185,1.955,108534.26,183736.03,17.016,99599.096,16.4895,141123.339,14.8603,149938.814,494
495,002648.SZ,20200114,17.1,17.39,16.86,16.91,17.21,-0.3000000000000007,-1.7432,99062.16,168603.767,16.954,101904.738,16.511,133085.9505,14.9223,150343.0365,495
496,002648.SZ,20200115,17.0,17.04,16.68,16.95,16.91,0.03999999999999915,0.2365,61834.76,104029.872,16.984,88444.206,16.547,126434.7815,14.9845,150228.3505,496
497,002648.SZ,20200116,16.99,17.24,16.82,17.06,16.95,0.10999999999999943,0.649,80262.24,136788.384,17.002,85815.462,16.5965,122073.843,15.0522,150477.0993,497
498,002648.SZ,20200117,17.06,17.49,16.91,17.29,17.06,0.23000000000000043,1.3482,108807.37,187827.355,17.084,91700.158,16.646,120684.078,15.1263,150990.6102,498
499,002648.SZ,20200120,17.35,17.39,16.98,17.18,17.29,-0.10999999999999943,-0.6362,77441.21,132754.33,17.078,85481.548,16.7065,118808.5245,15.1905,150555.5537,499
500,002648.SZ,20200121,17.2,17.2,16.74,16.74,17.18,-0.4400000000000013,-2.5611,102306.33,172517.144,17.044,86130.382,16.757,115200.216,15.2447,150368.234,500
501,002648.SZ,20200122,16.76,17.73,16.6,17.63,16.74,0.8900000000000006,5.3166,162785.9,279837.685,17.18,106320.61,16.841,119251.6115,15.3155,151610.2852,501
502,002648.SZ,20200123,17.5,17.5,15.87,16.26,17.63,-1.3699999999999974,-7.7708,228861.06,380107.806,17.02,136040.374,16.868,124880.8835,15.361,153627.3513,502
503,002648.SZ,20200203,14.63,14.63,14.63,14.63,16.26,-1.6300000000000008,-10.0246,31155.0,45579.765,16.488,120509.9,16.803,120786.177,15.3837,152709.0765,503
504,002648.SZ,20200204,13.91,15.72,13.91,15.27,14.63,0.6399999999999988,4.3746,244900.02,366184.654,16.106,154001.662,16.772,126230.9365,15.4062,153327.323,504
505,002648.SZ,20200205,15.22,15.64,15.02,15.29,15.27,0.019999999999999574,0.131,154308.92,236475.024,15.816,164402.18,16.7115,125403.9455,15.4317,152946.5585,505
506,002648.SZ,20200206,15.39,15.88,15.1,15.83,15.29,0.5400000000000009,3.5317,202779.71,314470.679,15.456,172400.942,16.6855,129407.0495,15.466,153150.2457,506
507,002648.SZ,20200207,17.11,17.18,16.5,17.05,15.83,1.2200000000000006,7.7069,340890.0,575289.751,15.614,194806.73,16.6835,137107.431,15.5162,154765.5112,507
508,002648.SZ,20200210,17.7,18.22,16.77,17.05,17.05,0.0,0.0,361631.44,633405.019,16.098,260902.018,16.671,147403.1045,15.5653,158484.3412,508
509,002648.SZ,20200211,16.78,16.8,16.22,16.29,17.05,-0.7600000000000016,-4.4575,225087.36,370199.982,16.302,256939.486,16.6255,149005.448,15.6055,159651.2345,509
510,002648.SZ,20200212,16.28,16.59,16.2,16.54,16.29,0.25,1.5347,136945.72,224804.95,16.552,253466.846,16.5915,151476.0365,15.6597,159289.2333,510
511,002648.SZ,20200213,16.72,17.05,16.43,16.44,16.54,-0.09999999999999787,-0.6046,173210.85,289516.879,16.674,247553.074,16.5735,153679.708,15.7135,160670.4793,511
512,002648.SZ,20200214,16.55,16.69,16.24,16.42,16.44,-0.019999999999999574,-0.1217,135799.89,223837.01,16.548,206535.052,16.546,155799.4045,15.7683,161844.5018,512
513,002648.SZ,20200217,16.55,17.06,16.55,16.88,16.42,0.4599999999999973,2.8015,189113.41,317815.42,16.514,172031.446,16.546,161285.8805,15.83,163751.4578,513
514,002648.SZ,20200218,16.85,17.08,16.66,16.77,16.88,-0.10999999999999943,-0.6517,184353.93,310002.131,16.61,163884.76,16.524,165076.864,15.8922,165084.0433,514
515,002648.SZ,20200219,16.76,16.92,16.39,16.4,16.77,-0.370000000000001,-2.2063,161459.76,268011.654,16.582,168787.568,16.4985,168196.744,15.9338,163306.4462,515
516,002648.SZ,20200220,16.45,17.39,16.34,17.2,16.4,0.8000000000000007,4.878,237659.89,402707.974,16.734,181677.376,16.511,176988.0005,15.9887,164363.7243,516
517,002648.SZ,20200221,17.08,17.35,16.93,17.23,17.2,0.030000000000001137,0.1744,213777.46,366156.498,16.896,197272.89,16.5195,183663.7615,16.0437,165146.1613,517
518,002648.SZ,20200224,17.18,18.12,17.0,18.07,17.23,0.8399999999999999,4.8752,318058.75,558893.95,17.134,223061.958,16.5585,194126.3305,16.1098,167305.2215,518
519,002648.SZ,20200225,17.83,18.34,17.3,17.93,18.07,-0.14000000000000057,-0.7748,291101.38,520609.289,17.366,244411.448,16.596,204809.339,16.1777,169847.3368,519
520,002648.SZ,20200226,17.7,18.16,17.29,17.31,17.93,-0.620000000000001,-3.4579,218523.89,385795.589,17.548,255824.274,16.6245,210620.217,16.2255,167986.1412,520
521,002648.SZ,20200227,17.55,17.84,17.22,17.51,17.31,0.20000000000000284,1.1554,159339.44,279989.314,17.61,240160.184,16.6185,210447.894,16.2802,168159.1135,521
522,002648.SZ,20200228,17.1,17.1,16.14,16.19,17.51,-1.3200000000000003,-7.5385,269649.58,446872.846,17.402,251334.608,16.615,212487.32,16.3118,169894.9317,522
523,002648.SZ,20200302,17.02,17.64,16.7,17.52,16.19,1.3299999999999983,8.2149,302669.66,523189.982,17.292,248256.79,16.7595,226063.053,16.3632,172218.6753,523
524,002648.SZ,20200303,17.67,17.8,17.26,17.31,17.52,-0.21000000000000085,-1.1986,248963.59,435572.884,17.168,239829.232,16.8615,226266.2315,16.404,172860.5357,524
525,002648.SZ,20200304,17.2,17.59,16.94,17.59,17.31,0.28000000000000114,1.6176,166045.91,286485.764,17.224,229333.636,16.9765,226853.081,16.4503,172468.899,525
526,002648.SZ,20200305,18.6,18.6,17.75,17.93,17.59,0.33999999999999986,1.9329,343519.13,619088.54,17.308,266169.574,17.0815,233890.052,16.4937,175033.6112,526
527,002648.SZ,20200306,17.79,19.72,17.7,19.72,17.93,1.7899999999999991,9.9833,546255.63,1053192.588,18.014,321490.784,17.215,244158.3335,16.5693,180816.855,527
528,002648.SZ,20200309,19.1,19.29,17.75,18.04,19.72,-1.6799999999999997,-8.5193,970489.76,1784991.324,18.118,455054.804,17.2645,274601.2495,16.6178,193976.8538,528
529,002648.SZ,20200310,17.28,17.55,16.33,16.98,18.04,-1.0599999999999987,-5.8758,610540.87,1023426.709,18.052,527370.26,17.299,293873.925,16.6498,201927.8333,529
530,002648.SZ,20200311,16.93,16.96,16.3,16.31,16.98,-0.6700000000000017,-3.9458,326215.22,542728.484,17.796,559404.122,17.2875,303337.4,16.6702,204955.1477,530
531,002648.SZ,20200312,15.98,15.98,15.21,15.46,16.31,-0.8499999999999979,-5.2115,310301.69,483657.003,17.302,552760.634,17.2385,310191.942,16.6735,207554.0923,531
532,002648.SZ,20200313,14.49,15.13,14.32,15.08,15.46,-0.3800000000000008,-2.458,318799.21,467636.276,16.374,507269.35,17.1715,319341.908,16.6795,209942.3328,532
533,002648.SZ,20200316,15.16,15.49,13.65,13.82,15.08,-1.2599999999999998,-8.3554,416009.1,606194.842,15.53,396373.218,17.0185,330686.6925,16.6633,214924.2997,533
534,002648.SZ,20200317,13.99,14.17,13.32,13.91,13.82,0.08999999999999986,0.6512,276161.16,378444.37,14.916,329497.276,16.8755,335277.054,16.6297,213825.7523,534
535,002648.SZ,20200318,14.1,14.47,13.51,13.57,13.91,-0.33999999999999986,-2.4443,246732.0,346885.832,14.368,313600.632,16.734,339540.666,16.5812,213607.7868,535
536,002648.SZ,20200319,13.51,14.34,13.33,14.18,13.57,0.6099999999999994,4.4952,297611.03,412410.342,14.112,311062.5,16.583,342538.223,16.547,215320.335,536
537,002648.SZ,20200320,14.39,14.58,14.13,14.37,14.18,0.1899999999999995,1.3399,203083.48,290836.32,13.97,287919.354,16.44,342003.524,16.5187,215913.7095,537
538,002648.SZ,20200323,13.9,14.13,13.47,13.58,14.37,-0.7899999999999991,-5.4976,182098.9,251518.376,13.922,241137.314,16.2155,335205.5315,16.4733,216671.98,538
539,002648.SZ,20200324,13.9,14.14,13.49,13.86,13.58,0.27999999999999936,2.0619,189403.65,261499.869,13.912,223785.812,16.012,330120.645,16.4382,217912.8362,539
540,002648.SZ,20200325,14.19,14.28,13.92,14.07,13.86,0.21000000000000085,1.5152,181943.93,255907.704,14.012,210828.198,15.85,328291.647,16.4105,218037.36,540
541,002648.SZ,20200326,13.91,13.92,13.66,13.72,14.07,-0.34999999999999964,-2.4876,130970.7,180345.311,13.92,177500.132,15.6605,326873.21,16.3733,218857.5718,541
542,002648.SZ,20200327,13.88,13.88,13.54,13.56,13.72,-0.16000000000000014,-1.1662,144854.84,198163.768,13.758,165854.404,15.529,320633.473,16.3373,219333.8922,542
543,002648.SZ,20200330,13.45,13.45,12.68,12.8,13.56,-0.7599999999999998,-5.6047,237548.38,305612.48,13.602,176944.3,15.293,317377.409,16.2852,221408.8797,543
544,002648.SZ,20200331,12.95,13.07,12.81,13.04,12.8,0.23999999999999844,1.875,145378.05,188438.791,13.438,168139.18,15.0795,312198.132,16.2377,221565.1,544
545,002648.SZ,20200401,12.91,13.22,12.77,13.0,13.04,-0.03999999999999915,-0.3067,144334.32,188001.612,13.224,160617.258,14.85,311112.5525,16.1793,221123.193,545
